Fecha	Territorio	Confirmados PDIA	Confirmados PDIA 14 días	Confirmados PDIA 7 días	Total confirmados	Hospitalizados	Total UCI	Fallecidos	Curados
27/10/2020	Andalucía	119691	33723	16273	124994	12706	1241	2402	48572
	Almería	10694	1790	1072	11008	849	110	149	7870
	Cádiz	11273	2466	1200	11634	1181	131	274	5036
	Córdoba	12811	3515	1722	13252	1321	154	239	4869
	Granada	20785	8267	3725	21609	2037	173	416	5311
	Huelva	3529	1476	897	3688	351	36	67	992
	Jaén	11252	3952	1958	11821	1358	134	276	4043
	Málaga	21642	3292	1701	23493	2722	255	477	12990
	Sevilla	27705	8965	3998	28489	2887	248	504	7461
26/10/2020	Andalucía	116868	31903	16068	122146	12535	1228	2348	47139
	Almería	10607	1734	1071	10919	836	109	139	7756
	Cádiz	10898	2148	986	11263	1163	130	263	4949
	Córdoba	12602	3437	1807	13041	1296	148	232	4585
	Granada	20461	8142	4213	21281	2015	173	409	5234
	Huelva	3423	1402	876	3580	351	36	66	961
	Jaén	10912	3771	1850	11481	1348	134	273	3915
	Málaga	21265	3005	1531	23102	2699	254	471	12654
	Sevilla	26700	8264	3734	27479	2827	244	495	7085
25/10/2020	Andalucía	114219	30340	14674	119471	12407	1222	2335	46507
	Almería	10446	1619	997	10757	835	109	138	7722
	Cádiz	10781	2099	981	11131	1159	130	262	4814
	Córdoba	12204	3185	1524	12643	1280	148	228	4493
	Granada	20001	7843	3947	20821	1969	171	409	5149
	Huelva	3233	1231	764	3390	349	36	66	922
	Jaén	10505	3487	1602	11069	1338	132	271	3882
	Málaga	21028	2896	1417	22864	2686	254	470	12468
	Sevilla	26021	7980	3442	26796	2791	242	491	7057
24/10/2020	Andalucía	111070	29059	14016	116304	12335	1221	2331	46051
	Almería	10266	1522	1008	10569	831	109	138	7695
	Cádiz	10643	2096	1088	10993	1153	130	262	4751
	Córdoba	11902	3140	1489	12338	1265	147	228	4430
	Granada	18640	6924	3203	19460	1953	171	407	5054
	Huelva	3089	1165	690	3246	348	36	66	916
	Jaén	10230	3414	1614	10791	1331	132	271	3869
	Málaga	20873	2926	1436	22708	2669	254	469	12289
	Sevilla	25427	7872	3488	26199	2785	242	490	7047
23/10/2020	Andalucía	107692	28268	13857	112901	12173	1211	2301	45445
	Almería	10024	1346	863	10326	819	108	138	7654
	Cádiz	10413	2053	1068	10763	1146	130	262	4642
	Córdoba	11540	3078	1442	11973	1241	147	227	4335
	Granada	17748	6622	3184	18567	1919	169	401	4947
	Huelva	2955	1067	674	3109	344	36	66	902
	Jaén	9906	3370	1686	10457	1305	130	265	3866
	Málaga	20570	2925	1462	22403	2653	253	463	12086
	Sevilla	24536	7807	3478	25303	2746	238	479	7013
22/10/2020	Andalucía	104017	27000	13558	109195	12029	1198	2271	44643
	Almería	9820	1260	775	10117	812	107	135	7548
	Cádiz	10159	1944	1065	10509	1136	126	259	4556
	Córdoba	11143	2931	1295	11574	1220	146	223	4230
	Granada	16945	6332	3311	17764	1906	168	401	4823
	Huelva	2759	950	591	2908	342	36	66	877
	Jaén	9380	3103	1551	9925	1280	130	259	3752
	Málaga	20207	2839	1390	22035	2628	247	458	11861
	Sevilla	23604	7641	3580	24363	2705	238	470	6996
20/10/2020	Andalucía	97793	24757	12061	102935	11675	1174	2211	42696
	Almería	9543	1153	642	9840	805	107	130	7205
	Cádiz	9654	1757	859	10001	1103	124	255	4406
	Córdoba	10481	2670	1201	10907	1174	141	219	3922
	Granada	15412	5858	2924	16231	1853	166	386	4693
	Huelva	2451	753	401	2593	327	36	66	853
	Jaén	8777	3003	1506	9319	1237	125	251	3642
	Málaga	19691	2715	1358	21511	2577	246	450	11069
	Sevilla	21784	6848	3170	22533	2599	229	454	6906
19/10/2020	Andalucía	95381	23598	10664	100508	11513	1168	2169	41895
	Almería	9472	1128	600	9769	798	107	129	7012
	Cádiz	9431	1613	702	9778	1089	124	250	4303
	Córdoba	10233	2556	1091	10656	1158	139	215	3896
	Granada	14727	5423	2435	15546	1819	165	380	4628
	Huelva	2400	735	383	2540	320	36	66	846
	Jaén	8607	2979	1497	9144	1202	124	236	3578
	Málaga	19380	2511	1148	21199	2555	245	446	10772
	Sevilla	21131	6653	2808	21876	2572	228	447	6860
18/10/2020	Andalucía	93686	22872	10065	98800	11438	1165	2160	41794
	Almería	9345	1085	519	9642	796	107	128	7011
	Cádiz	9339	1573	680	9686	1077	124	249	4297
	Córdoba	10069	2493	1072	10487	1153	139	215	3893
	Granada	14350	5176	2219	15167	1803	165	377	4618
	Huelva	2326	680	328	2465	309	36	65	838
	Jaén	8395	2873	1406	8929	1195	124	234	3563
	Málaga	19174	2432	1069	20992	2545	244	446	10729
	Sevilla	20688	6560	2772	21432	2560	226	446	6845
17/10/2020	Andalucía	91109	21533	9322	96214	11380	1161	2151	41285
	Almería	9193	984	449	9490	796	107	128	7004
	Cádiz	9155	1516	625	9502	1069	124	248	4240
	Córdoba	9825	2360	1083	10242	1141	137	213	3872
	Granada	13610	4736	1919	14427	1787	165	373	4574
	Huelva	2259	622	338	2398	307	36	65	836
	Jaén	8105	2771	1316	8637	1188	122	233	3560
	Málaga	18960	2383	1041	20776	2537	244	445	10361
	Sevilla	20002	6161	2551	20742	2555	226	446	6838
16/10/2020	Andalucía	88384	20563	9132	93480	11203	1153	2126	40524
	Almería	9103	992	423	9400	794	107	126	6946
	Cádiz	9005	1531	668	9352	1055	123	247	4200
	Córdoba	9543	2267	1093	9959	1130	135	208	3843
	Granada	13004	4443	1894	13821	1757	165	372	4521
	Huelva	2186	616	302	2325	305	36	65	813
	Jaén	7719	2547	1203	8251	1166	122	232	3500
	Málaga	18639	2237	1016	20454	2518	244	438	10216
	Sevilla	19185	5930	2533	19918	2478	221	438	6485
15/10/2020	Andalucía	85456	19303	8603	90509	11043	1139	2097	39760
	Almería	8991	976	426	9281	787	107	126	6866
	Cádiz	8835	1495	644	9173	1044	120	243	4116
	Córdoba	9231	2123	1025	9646	1110	133	203	3739
	Granada	12269	4074	1666	13083	1722	164	367	4488
	Huelva	2096	579	292	2232	301	36	62	792
	Jaén	7261	2294	999	7790	1148	121	231	3380
	Málaga	18376	2176	1046	20187	2505	241	436	10073
	Sevilla	18397	5586	2505	19117	2426	217	429	6306
14/10/2020	Andalucía	83485	18772	8825	88527	10941	1135	2086	38961
	Almería	8907	998	462	9194	781	107	126	6719
	Cádiz	8677	1452	676	9014	1031	120	242	4043
	Córdoba	9075	2059	1085	9489	1096	133	203	3621
	Granada	11909	4043	1846	12723	1714	163	367	4367
	Huelva	2050	576	289	2185	300	36	62	780
	Jaén	6940	2079	1015	7466	1139	121	230	3374
	Málaga	18183	2193	1063	19995	2488	238	434	9837
	Sevilla	17744	5372	2389	18461	2392	217	422	6220
13/10/2020	Andalucía	81552	18119	8821	86579	10842	1133	2083	38921
	Almería	8876	1044	489	9162	777	107	126	6716
	Cádiz	8546	1454	669	8883	1028	120	242	4042
	Córdoba	8828	1924	1035	9240	1094	132	203	3620
	Granada	11349	3750	1850	12162	1683	163	367	4346
	Huelva	2028	590	333	2161	299	36	62	778
	Jaén	6759	2042	1049	7282	1115	121	229	3372
	Málaga	18023	2157	1082	19832	2484	238	434	9833
	Sevilla	17143	5158	2314	17857	2362	216	420	6214
12/10/2020	Andalucía	80304	17630	8728	85321	10720	1122	2039	38383
	Almería	8805	1022	478	9091	767	107	123	6605
	Cádiz	8475	1443	674	8812	1024	117	239	3975
	Córdoba	8576	1768	906	8988	1084	130	196	3540
	Granada	11325	3844	2037	12137	1678	161	358	4304
	Huelva	1967	568	304	2101	294	36	62	779
	Jaén	6591	1959	999	7115	1102	120	224	3328
	Málaga	17803	2037	966	19608	2456	237	424	9688
	Sevilla	16762	4989	2364	17469	2315	214	413	6164
11/10/2020	Andalucía	78985	17048	8403	84000	10627	1115	2025	37952
	Almería	8747	1034	502	9033	762	107	122	6591
	Cádiz	8377	1402	630	8714	1018	116	238	3835
	Córdoba	8338	1682	772	8750	1067	129	194	3495
	Granada	10998	3596	1858	11810	1649	160	355	4259
	Huelva	1948	572	303	2082	291	36	62	776
	Jaén	6513	1973	1023	7037	1097	118	223	3328
	Málaga	17690	2034	981	19494	2436	235	418	9550
	Sevilla	16374	4755	2334	17080	2307	214	413	6118
10/10/2020	Andalucía	77658	17047	8307	82654	10577	1114	2019	37517
	Almería	8678	1078	484	8963	757	107	121	6558
	Cádiz	8273	1452	655	8609	1006	116	238	3728
	Córdoba	8246	1748	792	8657	1061	129	194	3413
	Granada	10730	3536	1897	11542	1648	160	355	4225
	Huelva	1885	565	249	2015	290	36	61	761
	Jaén	6385	1979	1075	6905	1096	118	222	3321
	Málaga	17527	2098	982	19330	2427	234	415	9425
	Sevilla	15934	4591	2173	16633	2292	214	413	6086
09/10/2020	Andalucía	75614	16438	8015	80605	10459	1106	1996	36932
	Almería	8584	1054	490	8869	751	106	121	6453
	Cádiz	8097	1412	640	8433	995	115	237	3680
	Córdoba	8034	1764	768	8443	1047	127	193	3350
	Granada	10227	3224	1709	11039	1639	160	352	4185
	Huelva	1821	540	251	1950	287	36	61	753
	Jaén	6131	1908	985	6650	1085	117	221	3219
	Málaga	17333	2107	963	19136	2398	231	404	9253
	Sevilla	15387	4429	2209	16085	2257	214	407	6039
08/10/2020	Andalucía	73617	16006	7730	78601	10367	1098	1982	36249
	Almería	8483	1051	489	8768	749	106	121	6277
	Cádiz	7939	1424	622	8275	985	113	237	3621
	Córdoba	7853	1834	766	8259	1031	125	189	3274
	Granada	9691	2891	1533	10503	1624	159	351	4105
	Huelva	1769	524	251	1898	282	36	61	742
	Jaén	5960	1837	1012	6478	1080	116	221	3155
	Málaga	17092	2069	927	18893	2381	230	400	9096
	Sevilla	14830	4376	2130	15527	2235	213	402	5979
07/10/2020	Andalucía	71707	15473	7322	76684	10247	1091	1962	35448
	Almería	8378	1037	489	8661	745	105	121	6098
	Cádiz	7821	1445	620	8157	980	113	236	3592
	Córdoba	7655	1773	679	8060	1012	125	184	3226
	Granada	9370	2769	1538	10182	1613	158	344	4042
	Huelva	1714	507	241	1843	279	36	58	734
	Jaén	5734	1707	893	6250	1059	114	219	3111
	Málaga	16913	2159	956	18715	2371	230	399	8715
	Sevilla	14122	4076	1906	14816	2188	210	401	5930
06/10/2020	Andalucía	69800	14924	6681	74766	10164	1086	1956	34686
	Almería	8332	1075	513	8615	739	104	121	5864
	Cádiz	7660	1413	601	7994	972	113	236	3561
	Córdoba	7417	1724	554	7822	1003	124	181	3121
	Granada	8905	2497	1308	9716	1598	158	342	3992
	Huelva	1670	505	233	1799	277	36	57	704
	Jaén	5546	1626	842	6058	1051	114	219	3104
	Málaga	16699	2178	858	18501	2359	229	398	8451
	Sevilla	13571	3906	1772	14261	2165	208	402	5889
05/10/2020	Andalucía	68345	14447	6086	73304	10067	1072	1926	33565
	Almería	8268	1045	494	8551	735	103	121	5680
	Cádiz	7486	1335	509	7820	966	113	236	3421
	Córdoba	7275	1623	507	7680	996	118	177	3062
	Granada	8670	2368	1220	9482	1586	158	340	3930
	Huelva	1641	486	243	1769	273	36	57	688
	Jaén	5408	1595	788	5917	1038	112	212	2987
	Málaga	16520	2261	782	18323	2337	228	392	8150
	Sevilla	13077	3734	1543	13762	2136	204	391	5647
04/10/2020	Andalucía	67441	14289	5953	72682	10014	1072	1910	33414
	Almería	8183	1033	477	8466	732	103	119	5653
	Cádiz	7426	1369	502	7766	959	113	235	3387
	Córdoba	7201	1621	611	7651	986	118	176	3062
	Granada	8555	2294	1175	9374	1576	158	340	3927
	Huelva	1601	451	228	1759	272	36	57	689
	Jaén	5232	1481	697	5794	1039	112	212	2990
	Málaga	16363	2296	735	18224	2327	228	389	8058
	Sevilla	12880	3744	1528	13648	2123	204	382	5648
03/10/2020	Andalucía	66303	14212	6117	71510	9961	1069	1906	33056
	Almería	8092	1021	502	8373	726	103	117	5363
	Cádiz	7339	1417	570	7679	957	113	235	3386
	Córdoba	7083	1602	644	7532	977	117	174	3035
	Granada	8278	2130	1091	9097	1563	156	340	3926
	Huelva	1566	452	249	1724	272	36	57	689
	Jaén	5130	1495	727	5672	1035	112	212	2990
	Málaga	16244	2387	851	18105	2323	228	389	8019
	Sevilla	12571	3708	1483	13328	2108	204	382	5648
02/10/2020	Andalucía	64774	14263	6097	69914	9883	1056	1883	32016
	Almería	7998	1027	474	8278	725	103	117	5116
	Cádiz	7212	1530	604	7552	952	111	233	3351
	Córdoba	6941	1717	743	7388	954	114	164	2984
	Granada	7980	1966	989	8795	1555	156	340	3879
	Huelva	1520	440	242	1666	271	36	57	635
	Jaén	4965	1469	740	5476	1020	108	210	2933
	Málaga	16107	2449	906	17964	2316	225	384	7716
	Sevilla	12051	3665	1399	12795	2090	203	378	5402
01/10/2020	Andalucía	63378	14123	6184	68445	9793	1045	1861	31118
	Almería	7931	1081	499	8210	723	103	115	4943
	Cádiz	7090	1563	653	7426	944	111	229	3319
	Córdoba	6792	1716	822	7236	939	112	157	2809
	Granada	7688	1771	891	8502	1549	155	340	3848
	Huelva	1480	422	235	1625	268	35	57	625
	Jaén	4859	1462	728	5364	1008	108	209	2888
	Málaga	15950	2613	937	17762	2309	223	380	7453
	Sevilla	11588	3495	1419	12320	2053	198	374	5233
30/09/2020	Andalucía	62075	14203	6315	67113	9710	1033	1842	30363
	Almería	7835	1114	495	8114	722	102	115	4883
	Cádiz	6880	1550	606	7216	933	109	226	3204
	Córdoba	6602	1673	764	7046	928	111	156	2681
	Granada	7480	1654	883	8294	1544	155	338	3809
	Huelva	1442	408	234	1572	266	35	57	623
	Jaén	4734	1422	694	5236	1001	105	207	2840
	Málaga	15821	2777	1087	17632	2291	221	375	7135
	Sevilla	11281	3605	1552	12003	2025	195	368	5188
29/09/2020	Andalucía	61004	14132	6551	66025	9630	1029	1821	29600
	Almería	7782	1163	524	8061	718	101	115	4737
	Cádiz	6730	1489	570	7067	932	109	224	3081
	Córdoba	6565	1782	909	7009	914	110	153	2660
	Granada	7286	1549	888	8097	1535	155	329	3763
	Huelva	1401	407	236	1531	265	35	57	620
	Jaén	4586	1359	664	5084	990	105	207	2782
	Málaga	15710	2899	1204	17519	2283	220	372	6889
	Sevilla	10944	3484	1556	11657	1993	194	364	5068
28/09/2020	Andalucía	59768	13531	6226	64760	9555	1016	1796	28454
	Almería	7737	1158	512	8016	717	99	115	4565
	Cádiz	6569	1385	504	6903	927	108	219	2922
	Córdoba	6357	1688	770	6799	896	106	152	2625
	Granada	7119	1390	801	7930	1532	155	326	3727
	Huelva	1379	401	224	1508	264	35	57	616
	Jaén	4479	1285	664	4976	981	105	207	2745
	Málaga	15466	2812	1214	17264	2270	215	365	6638
	Sevilla	10662	3412	1537	11364	1968	193	355	4616
27/09/2020	Andalucía	58922	13404	6132	63903	9483	1012	1779	28057
	Almería	7660	1177	508	7939	713	99	115	4377
	Cádiz	6524	1413	555	6859	923	107	218	2754
	Córdoba	6237	1637	718	6676	884	105	148	2624
	Granada	6994	1324	715	7805	1523	155	325	3724
	Huelva	1358	400	208	1487	260	35	57	616
	Jaén	4333	1211	581	4830	977	104	205	2744
	Málaga	15357	2919	1311	17157	2265	214	363	6630
	Sevilla	10459	3323	1536	11150	1938	193	348	4588
26/09/2020	Andalucía	58134	13475	6391	63111	9426	1009	1777	27529
	Almería	7545	1135	472	7824	711	99	115	4299
	Cádiz	6488	1522	644	6823	919	107	218	2697
	Córdoba	6137	1651	705	6576	875	103	148	2595
	Granada	6930	1312	767	7740	1516	155	324	3654
	Huelva	1302	387	188	1430	258	35	57	594
	Jaén	4276	1217	642	4773	974	103	204	2744
	Málaga	15237	3031	1397	17037	2242	214	363	6406
	Sevilla	10219	3220	1576	10908	1931	193	348	4540
25/09/2020	Andalucía	56608	13351	6299	61554	9345	1004	1759	26834
	Almería	7459	1124	485	7738	706	99	113	4176
	Cádiz	6329	1584	712	6664	912	107	215	2644
	Córdoba	5927	1628	717	6337	866	104	148	2594
	Granada	6743	1234	695	7554	1513	154	320	3639
	Huelva	1262	370	183	1389	256	34	57	592
	Jaén	4133	1168	635	4630	964	102	203	2682
	Málaga	14983	3100	1313	16785	2246	213	360	6295
	Sevilla	9772	3143	1559	10457	1882	191	343	4212
24/09/2020	Andalucía	55205	13151	6184	60140	9235	1000	1742	26134
	Almería	7375	1202	525	7654	698	99	112	4119
	Cádiz	6185	1594	759	6520	900	107	213	2550
	Córdoba	5797	1647	727	6207	854	104	145	2546
	Granada	6553	1179	601	7364	1507	154	318	3587
	Huelva	1218	351	162	1345	254	34	57	588
	Jaén	4034	1115	638	4531	962	102	201	2590
	Málaga	14709	3094	1397	16508	2227	210	356	6091
	Sevilla	9334	2969	1375	10011	1833	190	340	4063
23/09/2020	Andalucía	53721	12972	6081	58651	9133	987	1730	25590
	Almería	7285	1267	568	7564	692	98	112	4012
	Cádiz	5843	1424	599	6177	891	106	214	2515
	Córdoba	5683	1728	758	6093	837	103	145	2510
	Granada	6403	1143	557	7212	1499	154	312	3533
	Huelva	1188	339	155	1315	252	34	55	580
	Jaén	3919	1106	613	4416	948	102	200	2586
	Málaga	14326	3035	1363	16124	2202	203	355	5830
	Sevilla	9074	2930	1468	9750	1812	187	337	4024
22/09/2020	Andalucía	52170	12446	5716	57100	9023	981	1718	24859
	Almería	7225	1317	608	7504	689	98	112	3943
	Cádiz	5643	1354	555	5977	880	103	213	2467
	Córdoba	5551	1676	780	5961	821	101	142	2494
	Granada	6270	1152	520	7079	1492	154	308	3514
	Huelva	1153	336	159	1280	250	34	55	573
	Jaén	3844	1097	622	4341	935	102	200	2579
	Málaga	13815	2809	1205	15612	2186	204	354	5582
	Sevilla	8669	2705	1267	9346	1770	185	334	3707
21/09/2020	Andalucía	50634	11840	5160	55558	8883	972	1706	23883
	Almería	7178	1377	600	7457	686	97	111	3792
	Cádiz	5510	1285	500	5842	859	102	211	2327
	Córdoba	5376	1551	716	5786	814	100	140	2432
	Granada	6129	1103	424	6937	1484	154	308	3477
	Huelva	1141	336	162	1268	250	34	55	568
	Jaén	3770	1044	582	4267	920	102	200	2528
	Málaga	13268	2728	1085	15064	2169	202	350	5304
	Sevilla	8262	2416	1091	8937	1701	181	331	3455
20/09/2020	Andalucía	49822	11771	5132	54743	8828	972	1692	23544
	Almería	7088	1411	607	7366	682	97	110	3788
	Cádiz	5440	1387	494	5772	855	102	210	2241
	Córdoba	5301	1502	715	5711	801	100	138	2412
	Granada	6043	1072	416	6850	1480	154	308	3458
	Huelva	1136	341	178	1263	250	34	55	556
	Jaén	3675	986	560	4172	914	102	200	2527
	Málaga	13058	2748	1146	14853	2155	202	341	5123
	Sevilla	8081	2324	1016	8756	1691	181	330	3439
19/09/2020	Andalucía	49079	11903	5206	53999	8779	972	1689	23388
	Almería	7019	1459	611	7297	675	97	109	3646
	Cádiz	5383	1433	559	5715	854	102	210	2241
	Córdoba	5138	1414	634	5547	788	99	138	2412
	Granada	5942	1063	388	6749	1474	155	308	3456
	Huelva	1101	341	186	1228	249	34	55	556
	Jaén	3536	896	484	4033	914	102	200	2527
	Málaga	12985	2899	1304	14781	2144	202	339	5111
	Sevilla	7975	2398	1040	8649	1681	181	330	3439
18/09/2020	Andalucía	47599	11892	5403	52519	8673	968	1678	22539
	Almería	6919	1515	587	7198	670	97	107	3292
	Cádiz	5261	1505	629	5593	845	102	210	2169
	Córdoba	4819	1291	656	5228	778	98	135	2271
	Granada	5863	1084	418	6670	1456	155	308	3440
	Huelva	1072	333	181	1199	246	34	53	546
	Jaén	3421	861	474	3918	898	102	200	2429
	Málaga	12520	2944	1313	14315	2126	199	338	4986
	Sevilla	7724	2359	1145	8398	1654	181	327	3406
17/09/2020	Andalucía	45982	11337	5257	50904	8579	953	1672	22045
	Almería	6784	1510	614	7063	661	92	104	3200
	Cádiz	5098	1472	592	5429	840	101	210	2158
	Córdoba	4480	1071	594	4889	771	95	133	2220
	Granada	5717	1033	410	6524	1440	153	308	3392
	Huelva	1040	307	174	1167	244	34	53	541
	Jaén	3303	824	412	3800	891	102	199	2308
	Málaga	12125	2863	1343	13923	2105	198	338	4851
	Sevilla	7435	2257	1118	8109	1627	178	327	3375
16/09/2020	Andalucía	44593	11004	5086	49512	8438	947	1647	21619
	Almería	6632	1527	613	6911	653	91	100	3140
	Cádiz	4919	1440	618	5248	810	101	199	2156
	Córdoba	4354	1051	561	4763	749	95	132	2001
	Granada	5612	1047	383	6419	1425	152	306	3391
	Huelva	1000	282	151	1127	243	34	53	541
	Jaén	3194	796	422	3691	880	100	199	2190
	Málaga	11775	2776	1311	13572	2080	198	332	4829
	Sevilla	7107	2085	1027	7781	1598	176	326	3371
15/09/2020	Andalucía	43678	10981	5026	48592	8320	942	1631	21375
	Almería	6583	1589	675	6862	648	91	99	3011
	Cádiz	4774	1421	611	5103	790	100	193	2115
	Córdoba	4245	1028	499	4652	735	95	130	2000
	Granada	5588	1154	487	6395	1419	152	306	3391
	Huelva	979	276	161	1106	243	34	53	540
	Jaén	3157	822	460	3654	871	100	198	2148
	Málaga	11469	2719	1155	13263	2049	195	329	4799
	Sevilla	6883	1972	978	7557	1565	175	323	3371
14/09/2020	Andalucía	42640	10893	4739	47556	8196	928	1609	20996
	Almería	6458	1602	656	6737	632	90	98	2920
	Cádiz	4627	1359	517	4956	776	98	192	2064
	Córdoba	4158	1093	488	4565	733	93	128	1983
	Granada	5517	1157	529	6324	1416	147	306	3318
	Huelva	961	263	157	1088	242	34	53	540
	Jaén	3067	765	392	3564	868	100	198	2148
	Málaga	11171	2746	1111	12967	2020	192	320	4706
	Sevilla	6681	1908	889	7355	1509	174	314	3317
13/09/2020	Andalucía	41995	11018	4777	46911	8158	923	1603	20626
	Almería	6405	1663	727	6684	628	87	97	2873
	Cádiz	4565	1365	568	4894	773	98	192	2040
	Córdoba	4024	1019	426	4431	720	91	125	1951
	Granada	5491	1206	557	6298	1414	147	304	3168
	Huelva	939	257	144	1066	241	34	53	540
	Jaén	3013	748	375	3510	866	100	198	2146
	Málaga	10987	2865	1113	12783	2007	192	320	4649
	Sevilla	6571	1895	867	7245	1509	174	314	3259
12/09/2020	Andalucía	41255	11117	4917	46169	8128	919	1603	20379
	Almería	6350	1805	790	6629	628	87	97	2868
	Cádiz	4491	1408	588	4820	771	98	192	2036
	Córdoba	3873	978	402	4279	716	91	125	1929
	Granada	5421	1188	555	6227	1407	144	304	3102
	Huelva	905	243	145	1032	240	33	53	537
	Jaén	2924	709	333	3421	863	100	198	2147
	Málaga	10871	2944	1204	12667	2002	192	320	4521
	Sevilla	6420	1842	900	7094	1501	174	314	3239
11/09/2020	Andalucía	40124	11002	5032	45030	8049	918	1589	20162
	Almería	6189	1715	785	6467	626	87	96	2839
	Cádiz	4349	1407	636	4677	763	98	192	1977
	Córdoba	3765	967	412	4171	705	91	124	1926
	Granada	5343	1188	586	6149	1399	143	303	3072
	Huelva	877	228	138	1004	238	33	52	532
	Jaén	2887	737	358	3384	859	100	197	2133
	Málaga	10503	2987	1244	12293	1976	192	316	4449
	Sevilla	6211	1773	873	6885	1483	174	309	3234
10/09/2020	Andalucía	38882	10837	4699	43783	7972	913	1582	20095
	Almería	6092	1823	818	6370	617	86	95	2826
	Cádiz	4213	1402	631	4541	762	98	192	1973
	Córdoba	3694	965	402	4099	696	91	124	1916
	Granada	5200	1141	539	6006	1389	142	303	3052
	Huelva	851	224	119	978	237	33	52	523
	Jaén	2795	706	343	3292	852	100	196	2132
	Málaga	10025	2845	992	11811	1950	190	315	4439
	Sevilla	6012	1731	855	6686	1469	173	305	3234
09/09/2020	Andalucía	37905	10864	4775	42805	7874	903	1566	19882
	Almería	5936	1823	827	6214	617	85	92	2736
	Cádiz	4094	1384	642	4422	755	97	191	1899
	Córdoba	3634	1002	443	4038	691	90	124	1915
	Granada	5124	1174	587	5930	1378	142	302	3051
	Huelva	843	223	126	970	237	33	52	519
	Jaén	2704	663	332	3202	837	98	194	2119
	Málaga	9733	2910	998	11518	1920	187	308	4420
	Sevilla	5837	1685	820	6511	1439	171	303	3223
08/09/2020	Andalucía	37124	10856	4876	42024	7809	901	1561	19627
	Almería	5849	1855	855	6127	612	85	89	2570
	Cádiz	3985	1366	661	4313	744	96	190	1884
	Córdoba	3583	1020	465	3987	685	89	124	1915
	Granada	4949	1086	542	5755	1369	142	302	3051
	Huelva	811	207	110	938	236	33	52	519
	Jaén	2662	665	347	3160	835	98	194	2061
	Málaga	9598	3025	1111	11383	1908	187	307	4405
	Sevilla	5687	1632	785	6361	1420	171	303	3222
07/09/2020	Andalucía	36081	10435	4728	40985	7730	896	1553	19318
	Almería	5656	1770	803	5936	606	85	88	2432
	Cádiz	3882	1334	648	4210	742	95	190	1828
	Córdoba	3546	1022	529	3951	682	88	124	1866
	Granada	4783	976	455	5589	1360	142	302	3047
	Huelva	797	195	100	924	235	33	52	519
	Jaén	2590	634	310	3090	831	98	194	2036
	Málaga	9291	2923	1114	11075	1876	187	303	4385
	Sevilla	5536	1581	769	6210	1398	168	300	3205
06/09/2020	Andalucía	35420	10406	4821	40322	7678	892	1544	19171
	Almería	5531	1801	791	5811	600	85	87	2341
	Cádiz	3784	1317	620	4112	731	95	186	1803
	Córdoba	3492	1061	517	3897	673	86	124	1866
	Granada	4712	959	473	5518	1356	142	300	3047
	Huelva	790	195	109	917	236	33	52	519
	Jaén	2541	611	294	3039	831	98	194	2036
	Málaga	9165	2949	1282	10949	1860	186	302	4382
	Sevilla	5405	1513	735	6079	1391	167	299	3177
05/09/2020	Andalucía	34740	10382	4951	39641	7637	892	1538	19026
	Almería	5449	1873	908	5729	595	85	85	2203
	Cádiz	3670	1245	619	3998	726	95	184	1800
	Córdoba	3384	1044	493	3789	668	86	123	1865
	Granada	4686	999	496	5492	1351	142	300	3047
	Huelva	758	173	97	885	236	33	52	519
	Jaén	2478	570	280	2976	830	98	194	2036
	Málaga	9012	2968	1324	10795	1846	186	302	4379
	Sevilla	5303	1510	734	5977	1385	167	298	3177
04/09/2020	Andalucía	33710	10038	4859	38609	7532	883	1531	18462
	Almería	5304	1872	838	5583	585	84	84	1754
	Cádiz	3504	1162	578	3832	715	93	183	1799
	Córdoba	3317	1043	522	3722	663	86	122	1857
	Granada	4578	970	463	5384	1345	142	299	3046
	Huelva	734	157	87	861	234	32	52	519
	Jaén	2460	577	322	2958	829	97	194	1975
	Málaga	8690	2868	1364	10472	1811	182	299	4336
	Sevilla	5123	1389	685	5797	1350	167	298	3176
03/09/2020	Andalucía	32689	9710	4856	37586	7460	877	1524	18285
	Almería	5147	1811	885	5425	576	84	82	1669
	Cádiz	3391	1160	595	3719	711	93	182	1795
	Córdoba	3202	982	473	3607	658	85	121	1847
	Granada	4471	923	449	5276	1334	142	298	3044
	Huelva	724	166	98	851	233	32	51	504
	Jaén	2372	534	297	2870	827	96	194	1953
	Málaga	8451	2832	1406	10233	1787	178	299	4300
	Sevilla	4931	1302	653	5605	1334	167	297	3173
02/09/2020	Andalucía	31651	9367	4795	36548	7403	871	1521	18181
	Almería	5013	1814	916	5291	573	84	81	1646
	Cádiz	3257	1112	566	3585	699	92	182	1795
	Córdoba	3127	1002	496	3532	645	83	121	1845
	Granada	4394	908	471	5199	1328	142	298	3043
	Huelva	711	158	91	838	233	32	51	504
	Jaén	2302	480	268	2800	824	96	194	1917
	Málaga	8041	2592	1314	9823	1778	178	298	4300
	Sevilla	4806	1301	673	5480	1323	164	296	3131
01/09/2020	Andalucía	30767	9048	4676	35664	7333	867	1515	18056
	Almería	4851	1768	875	5129	556	81	78	1602
	Cádiz	3186	1123	586	3514	692	92	181	1790
	Córdoba	3040	965	476	3445	635	83	121	1826
	Granada	4321	897	473	5126	1320	142	298	3040
	Huelva	696	157	92	823	233	32	51	504
	Jaén	2271	468	277	2769	825	96	195	1914
	Málaga	7715	2420	1244	9497	1759	178	298	4284
	Sevilla	4687	1250	653	5361	1313	163	293	3096
31/08/2020	Andalucía	29812	8629	4320	34710	7257	859	1508	18007
	Almería	4618	1659	743	4895	538	78	74	1603
	Cádiz	3104	1094	570	3433	683	90	181	1789
	Córdoba	2951	923	426	3357	627	83	121	1819
	Granada	4253	859	452	5058	1312	142	297	3040
	Huelva	696	160	94	823	233	32	51	504
	Jaén	2245	459	289	2743	823	94	194	1911
	Málaga	7407	2330	1147	9189	1746	178	297	4255
	Sevilla	4538	1145	599	5212	1295	162	293	3086
30/08/2020	Andalucía	29220	8417	4344	34117	7238	855	1503	17938
	Almería	4531	1639	810	4808	536	78	73	1560
	Cádiz	3023	1072	567	3352	681	90	179	1770
	Córdoba	2920	945	490	3326	626	82	120	1819
	Granada	4154	785	399	4959	1311	142	297	3039
	Huelva	674	139	79	800	233	32	51	504
	Jaén	2189	423	260	2687	823	94	194	1911
	Málaga	7275	2320	1162	9057	1733	175	296	4250
	Sevilla	4454	1094	577	5128	1295	162	293	3085
29/08/2020	Andalucía	28601	8383	4404	33494	7202	852	1500	17888
	Almería	4448	1705	880	4724	526	76	71	1542
	Cádiz	2933	1070	528	3261	679	90	179	1739
	Córdoba	2852	937	513	3258	622	82	120	1819
	Granada	4115	795	430	4920	1305	141	296	3039
	Huelva	650	118	65	776	233	32	51	504
	Jaén	2120	373	212	2618	821	94	194	1911
	Málaga	7111	2299	1182	8891	1722	175	296	4249
	Sevilla	4372	1086	594	5046	1294	162	293	3085
28/08/2020	Andalucía	27741	8179	4247	32631	7160	848	1495	17841
	Almería	4258	1673	834	4534	512	74	71	1538
	Cádiz	2837	1049	510	3165	675	90	177	1737
	Córdoba	2768	917	498	3173	619	81	119	1808
	Granada	4058	786	452	4863	1300	141	295	3039
	Huelva	642	115	63	768	233	32	51	504
	Jaén	2051	320	177	2549	817	94	194	1898
	Málaga	6880	2261	1180	8658	1713	174	296	4233
	Sevilla	4247	1058	533	4921	1291	162	292	3084
27/08/2020	Andalucía	26832	7854	4026	31721	7102	841	1491	17685
	Almería	4098	1669	767	4374	499	73	69	1520
	Cádiz	2708	971	483	3036	675	88	177	1671
	Córdoba	2692	868	477	3096	608	81	118	1801
	Granada	3955	730	415	4760	1294	141	294	3038
	Huelva	624	106	64	750	232	32	51	504
	Jaén	2027	323	198	2525	815	94	194	1892
	Málaga	6597	2186	1103	8375	1692	170	296	4195
	Sevilla	4131	1001	519	4805	1287	162	292	3064
26/08/2020	Andalucía	26016	7576	3879	30901	7039	834	1490	17559
	Almería	3977	1691	778	4253	480	72	69	1501
	Cádiz	2542	857	415	2868	670	88	177	1669
	Córdoba	2609	797	484	3012	605	80	118	1797
	Granada	3876	698	393	4681	1290	141	294	3028
	Huelva	618	117	63	744	232	32	51	504
	Jaén	1991	315	179	2488	814	94	194	1877
	Málaga	6359	2135	1026	8137	1667	168	295	4191
	Sevilla	4044	966	541	4718	1281	159	292	2992
25/08/2020	Andalucía	25170	7153	3631	30055	6991	832	1486	17514
	Almería	3853	1679	772	4130	476	71	68	1499
	Cádiz	2467	832	416	2793	661	88	177	1669
	Córdoba	2491	712	420	2894	601	80	117	1792
	Granada	3813	671	393	4618	1285	141	293	3028
	Huelva	601	108	62	727	232	32	51	504
	Jaén	1955	282	162	2452	811	93	194	1849
	Málaga	6038	1946	892	7815	1656	168	294	4184
	Sevilla	3952	923	514	4626	1269	159	292	2989
24/08/2020	Andalucía	24541	6766	3495	29425	6923	827	1481	17411
	Almería	3728	1618	772	4004	453	68	66	1481
	Cádiz	2372	765	369	2698	660	88	177	1625
	Córdoba	2398	646	370	2801	596	80	118	1786
	Granada	3763	636	378	4568	1283	140	293	3028
	Huelva	595	103	59	721	232	32	51	499
	Jaén	1931	270	153	2428	804	93	192	1846
	Málaga	5894	1877	928	7671	1637	167	293	4160
	Sevilla	3860	851	466	4534	1258	159	291	2986
23/08/2020	Andalucía	23980	6443	3302	28864	6910	827	1479	17389
	Almería	3556	1498	669	3832	452	68	65	1481
	Cádiz	2317	741	373	2643	658	88	176	1625
	Córdoba	2332	608	357	2735	594	80	117	1786
	Granada	3692	593	332	4497	1281	140	293	3028
	Huelva	590	98	55	716	232	32	51	499
	Jaén	1909	251	150	2406	804	93	193	1846
	Málaga	5765	1820	907	7542	1632	167	293	4159
	Sevilla	3819	834	459	4493	1257	159	291	2965
22/08/2020	Andalucía	23387	6178	3284	28271	6898	827	1477	17383
	Almería	3441	1501	703	3717	452	68	64	1481
	Cádiz	2274	727	415	2600	657	88	176	1625
	Córdoba	2260	546	348	2663	593	80	117	1786
	Granada	3611	527	300	4416	1280	140	293	3028
	Huelva	581	99	49	707	232	32	51	499
	Jaén	1891	256	150	2388	804	93	192	1846
	Málaga	5592	1723	866	7369	1625	167	293	4153
	Sevilla	3737	799	453	4411	1255	159	291	2965
21/08/2020	Andalucía	22740	5885	3288	27623	6867	821	1475	17242
	Almería	3277	1449	693	3552	446	64	64	1477
	Cádiz	2213	696	429	2539	653	87	175	1514
	Córdoba	2203	512	356	2606	592	80	117	1776
	Granada	3552	502	284	4357	1278	140	292	3028
	Huelva	568	89	43	694	231	32	51	499
	Jaén	1860	257	130	2357	802	93	192	1835
	Málaga	5421	1640	893	7198	1612	166	293	4149
	Sevilla	3646	740	460	4320	1253	159	291	2964
20/08/2020	Andalucía	22033	5499	3140	26917	6830	819	1470	17198
	Almería	3154	1422	725	3429	432	64	64	1474
	Cádiz	2147	657	416	2473	651	87	175	1511
	Córdoba	2124	463	304	2527	588	78	117	1773
	Granada	3488	459	268	4293	1275	140	291	3019
	Huelva	548	77	33	674	231	32	50	498
	Jaén	1821	240	119	2319	800	93	192	1834
	Málaga	5202	1511	853	6979	1601	166	290	4126
	Sevilla	3549	670	422	4223	1252	159	291	2963
19/08/2020	Andalucía	21447	5239	3070	26329	6805	818	1470	17132
	Almería	3057	1426	772	3332	420	63	64	1472
	Cádiz	2063	589	382	2388	648	87	175	1503
	Córdoba	2049	403	246	2452	587	78	117	1759
	Granada	3428	421	252	4233	1272	140	291	3020
	Huelva	545	77	47	671	230	32	50	498
	Jaén	1802	252	127	2299	799	93	192	1825
	Málaga	5059	1478	875	6836	1599	166	290	4093
	Sevilla	3444	593	369	4118	1250	159	291	2962
18/08/2020	Andalucía	20869	4887	2896	25751	6763	818	1469	17106
	Almería	2934	1380	760	3208	407	63	63	1472
	Cádiz	2008	541	379	2333	643	87	175	1501
	Córdoba	1979	340	205	2382	584	78	117	1759
	Granada	3371	377	231	4176	1262	140	291	3019
	Huelva	538	73	46	664	229	32	50	497
	Jaén	1788	241	116	2285	799	93	192	1820
	Málaga	4876	1364	809	6654	1593	166	290	4078
	Sevilla	3375	571	350	4049	1246	159	291	2960
17/08/2020	Andalucía	20438	4640	2711	25320	6730	812	1466	17087
	Almería	2862	1397	755	3136	397	62	60	1461
	Cádiz	1964	503	357	2289	639	85	175	1501
	Córdoba	1938	317	194	2341	581	78	117	1757
	Granada	3343	358	217	4148	1261	140	291	3019
	Huelva	535	71	44	661	228	32	50	497
	Jaén	1768	224	108	2265	798	93	192	1820
	Málaga	4687	1206	699	6465	1581	166	290	4074
	Sevilla	3341	564	337	4015	1245	156	291	2958
16/08/2020	Andalucía	19912	4273	2416	24794	6707	809	1464	17051
	Almería	2676	1305	620	2950	389	60	59	1459
	Cádiz	1895	444	320	2220	636	85	175	1486
	Córdoba	1880	265	164	2283	581	78	117	1757
	Granada	3317	340	219	4122	1256	140	291	3005
	Huelva	535	72	44	661	228	32	50	496
	Jaén	1757	214	99	2254	797	93	192	1819
	Málaga	4552	1097	632	6330	1578	165	290	4071
	Sevilla	3300	536	318	3974	1242	156	290	2958
15/08/2020	Andalucía	19457	4007	2272	24339	6687	808	1459	16936
	Almería	2600	1264	661	2874	379	59	56	1348
	Cádiz	1815	393	272	2140	635	85	174	1484
	Córdoba	1871	277	162	2274	581	78	117	1757
	Granada	3274	314	190	4079	1253	140	290	3005
	Huelva	530	70	49	656	228	32	50	496
	Jaén	1740	202	105	2237	797	93	192	1819
	Málaga	4426	1025	569	6204	1575	165	290	4069
	Sevilla	3201	462	264	3875	1239	156	290	2958
14/08/2020	Andalucía	18923	3712	2086	23805	6671	805	1459	16910
	Almería	2441	1172	615	2715	376	58	56	1343
	Cádiz	1755	361	237	2080	632	84	174	1481
	Córdoba	1824	259	137	2227	581	78	117	1749
	Granada	3238	290	190	4043	1253	140	290	3004
	Huelva	524	72	45	650	228	32	50	495
	Jaén	1716	189	113	2213	797	93	192	1818
	Málaga	4287	950	518	6065	1571	165	290	4063
	Sevilla	3138	419	231	3812	1233	155	290	2957
13/08/2020	Andalucía	18490	3484	1968	23369	6641	804	1459	16852
	Almería	2318	1134	589	2592	373	58	56	1321
	Cádiz	1706	324	216	2029	625	84	174	1468
	Córdoba	1810	281	153	2212	579	78	117	1748
	Granada	3185	258	158	3990	1250	140	290	2991
	Huelva	513	69	42	639	227	32	50	495
	Jaén	1695	168	113	2192	796	92	192	1816
	Málaga	4174	863	488	5952	1562	165	290	4057
	Sevilla	3089	387	209	3763	1229	155	290	2956
12/08/2020	Andalucía	18068	3199	1857	22946	6618	803	1457	16813
	Almería	2190	1041	558	2463	364	57	55	1308
	Cádiz	1654	278	178	1977	623	84	174	1468
	Córdoba	1786	273	142	2188	578	78	117	1746
	Granada	3153	231	146	3958	1249	140	290	2987
	Huelva	498	56	30	624	227	32	50	493
	Jaén	1672	149	122	2169	793	92	192	1804
	Málaga	4074	804	491	5852	1557	165	289	4054
	Sevilla	3041	367	190	3715	1227	155	290	2953
11/08/2020	Andalucía	17762	2999	1777	22640	6601	801	1457	16748
	Almería	2114	989	558	2387	358	55	55	1296
	Cádiz	1623	250	156	1946	622	84	174	1465
	Córdoba	1748	244	110	2150	575	78	117	1733
	Granada	3126	214	133	3931	1249	140	290	2987
	Huelva	491	54	26	617	227	32	50	493
	Jaén	1662	140	115	2159	792	92	192	1802
	Málaga	3994	752	475	5772	1553	165	289	4049
	Sevilla	3004	356	204	3678	1225	155	290	2923
10/08/2020	Andalucía	17484	2800	1679	22361	6586	797	1457	16618
	Almería	2023	933	558	2296	352	53	55	1198
	Cádiz	1589	219	131	1912	620	84	174	1462
	Córdoba	1725	225	105	2127	573	78	117	1731
	Granada	3108	201	125	3913	1248	140	290	2986
	Huelva	489	52	25	615	227	32	50	492
	Jaén	1646	125	102	2143	791	92	192	1802
	Málaga	3910	693	423	5688	1551	165	289	4046
	Sevilla	2994	352	210	3667	1224	153	290	2901
09/08/2020	Andalucía	17254	2636	1614	22131	6573	797	1457	16618
	Almería	1978	909	608	2251	348	53	55	1198
	Cádiz	1545	181	97	1868	618	84	174	1462
	Córdoba	1712	218	98	2114	573	78	117	1731
	Granada	3085	190	110	3890	1247	140	290	2986
	Huelva	489	53	26	615	227	32	50	492
	Jaén	1639	119	96	2136	791	92	192	1802
	Málaga	3845	639	387	5623	1547	165	289	4046
	Sevilla	2961	327	192	3634	1222	153	290	2901
08/08/2020	Andalucía	16967	2452	1516	21844	6568	797	1455	16613
	Almería	1878	848	545	2151	345	53	53	1195
	Cádiz	1528	169	106	1851	617	84	174	1462
	Córdoba	1697	208	104	2099	573	78	117	1731
	Granada	3071	183	113	3876	1246	140	290	2984
	Huelva	480	47	20	606	227	32	50	492
	Jaén	1627	108	89	2124	791	92	192	1802
	Málaga	3765	585	362	5543	1547	165	289	4046
	Sevilla	2921	304	177	3594	1222	153	290	2901
07/08/2020	Andalucía	16623	2242	1417	21500	6557	796	1452	16514
	Almería	1764	772	498	2037	339	52	53	1193
	Cádiz	1510	155	117	1833	616	84	173	1461
	Córdoba	1679	195	115	2081	573	78	117	1650
	Granada	3042	167	95	3847	1245	140	288	2983
	Huelva	477	48	26	603	227	32	50	492
	Jaén	1581	65	54	2078	789	92	192	1802
	Málaga	3697	539	360	5475	1547	165	289	4046
	Sevilla	2873	301	152	3546	1221	153	290	2887
06/08/2020	Andalucía	16314	2030	1308	21193	6546	795	1452	16491
	Almería	1652	703	470	1925	334	52	53	1171
	Cádiz	1483	129	101	1806	615	84	173	1461
	Córdoba	1656	178	127	2058	573	78	117	1650
	Granada	3019	157	92	3825	1244	140	288	2983
	Huelva	471	43	27	597	226	31	50	492
	Jaén	1574	64	47	2071	789	92	192	1802
	Málaga	3612	471	300	5391	1545	165	289	4045
	Sevilla	2847	285	144	3520	1220	153	290	2887
05/08/2020	Andalucía	15998	1797	1139	20877	6521	795	1451	16467
	Almería	1547	621	400	1820	323	52	53	1149
	Cádiz	1459	107	85	1782	612	84	173	1461
	Córdoba	1643	174	130	2045	573	78	117	1650
	Granada	3001	161	80	3806	1244	140	288	2983
	Huelva	467	41	25	594	225	31	49	492
	Jaén	1549	39	26	2046	787	92	192	1802
	Málaga	3516	389	251	5295	1539	165	289	4043
	Sevilla	2816	265	142	3489	1218	153	290	2887
04/08/2020	Andalucía	15820	1680	1065	20697	6503	792	1451	16370
	Almería	1473	562	350	1746	312	50	53	1061
	Cádiz	1446	98	76	1769	611	84	173	1458
	Córdoba	1635	174	133	2037	572	78	117	1649
	Granada	2990	157	78	3795	1243	140	288	2982
	Huelva	465	41	29	591	225	31	49	492
	Jaén	1547	38	25	2044	785	91	192	1801
	Málaga	3480	369	243	5258	1537	165	289	4040
	Sevilla	2784	241	131	3457	1218	153	290	2887
03/08/2020	Andalucía	15622	1582	960	20499	6491	792	1450	16296
	Almería	1382	526	294	1655	305	50	53	994
	Cádiz	1432	89	66	1755	609	84	173	1456
	Córdoba	1610	156	115	2012	572	78	117	1646
	Granada	2982	161	75	3787	1242	140	288	2982
	Huelva	465	41	29	591	225	31	49	492
	Jaén	1545	36	24	2042	785	91	191	1801
	Málaga	3438	340	225	5216	1536	165	289	4038
	Sevilla	2768	233	132	3441	1217	153	290	2887
02/08/2020	Andalucía	15469	1516	867	20345	6485	790	1449	16294
	Almería	1314	516	247	1587	302	49	53	993
	Cádiz	1413	71	52	1736	607	84	172	1456
	Córdoba	1605	166	116	2007	572	77	117	1646
	Granada	2971	156	76	3776	1242	140	288	2982
	Huelva	464	40	29	590	225	31	49	492
	Jaén	1542	33	22	2039	785	91	191	1801
	Málaga	3409	318	204	5186	1536	165	289	4037
	Sevilla	2751	216	121	3424	1216	153	290	2887
01/08/2020	Andalucía	15286	1433	784	20162	6476	789	1449	16293
	Almería	1283	523	253	1556	299	49	53	993
	Cádiz	1395	55	38	1718	606	84	172	1456
	Córdoba	1582	174	98	1984	570	77	117	1645
	Granada	2954	149	66	3759	1241	139	288	2982
	Huelva	453	29	21	579	225	31	49	492
	Jaén	1532	24	13	2029	785	91	191	1801
	Málaga	3359	285	180	5136	1534	165	289	4037
	Sevilla	2728	194	115	3401	1216	153	290	2887
31/07/2020	Andalucía	15100	1359	731	19975	6472	789	1448	16288
	Almería	1199	451	207	1472	295	49	53	990
	Cádiz	1387	47	34	1709	606	84	172	1454
	Córdoba	1560	190	80	1962	570	77	117	1645
	Granada	2944	164	69	3749	1241	139	288	2982
	Huelva	452	29	24	578	225	31	49	492
	Jaén	1527	20	11	2024	785	91	190	1801
	Málaga	3319	270	162	5096	1534	165	289	4037
	Sevilla	2712	188	144	3385	1216	153	290	2887
30/07/2020	Andalucía	14918	1239	646	19794	6457	789	1448	16278
	Almería	1164	426	215	1437	289	49	53	979
	Cádiz	1377	37	26	1699	606	84	172	1454
	Córdoba	1516	155	43	1918	570	77	117	1645
	Granada	2923	173	61	3728	1236	139	288	2982
	Huelva	444	21	17	570	225	31	49	492
	Jaén	1527	22	17	2024	785	91	190	1801
	Málaga	3284	243	144	5062	1531	165	289	4038
	Sevilla	2683	162	123	3356	1215	153	290	2887
29/07/2020	Andalucía	14800	1166	609	19676	6452	788	1448	16174
	Almería	1127	406	201	1400	287	48	53	881
	Cádiz	1371	31	22	1693	606	84	172	1454
	Córdoba	1505	144	40	1907	569	77	117	1645
	Granada	2918	178	78	3723	1236	139	288	2982
	Huelva	441	19	16	567	223	31	49	492
	Jaén	1523	18	13	2020	785	91	190	1799
	Málaga	3255	221	127	5033	1531	165	289	4036
	Sevilla	2660	149	112	3333	1215	153	290	2885
28/07/2020	Andalucía	14695	1147	558	19570	6444	788	1448	16135
	Almería	1092	422	181	1365	284	48	53	863
	Cádiz	1365	27	18	1687	605	84	172	1453
	Córdoba	1499	138	39	1901	569	77	117	1640
	Granada	2906	183	73	3711	1235	139	288	2981
	Huelva	436	14	12	562	223	31	49	492
	Jaén	1522	22	12	2018	784	91	190	1798
	Málaga	3232	206	121	5010	1529	165	289	4023
	Sevilla	2643	135	102	3316	1215	153	290	2885
27/07/2020	Andalucía	14607	1090	569	19480	6438	785	1448	16122
	Almería	1059	404	204	1332	279	46	53	863
	Cádiz	1363	28	20	1685	605	84	172	1452
	Córdoba	1494	133	40	1896	569	77	118	1637
	Granada	2902	186	81	3706	1235	139	288	2981
	Huelva	433	13	9	559	223	31	49	491
	Jaén	1521	22	11	2017	784	91	189	1798
	Málaga	3205	182	107	4982	1529	165	289	4015
	Sevilla	2630	122	97	3303	1214	152	290	2885
26/07/2020	Andalucía	14523	1026	574	19396	6432	784	1448	16122
	Almería	1031	387	234	1304	278	46	53	863
	Cádiz	1360	27	18	1682	605	84	172	1452
	Córdoba	1487	126	48	1889	568	76	118	1637
	Granada	2890	176	75	3694	1234	139	288	2981
	Huelva	434	14	10	560	223	31	49	491
	Jaén	1520	22	11	2016	784	91	189	1798
	Málaga	3182	163	91	4959	1526	165	289	4015
	Sevilla	2619	111	87	3292	1214	152	290	2885
25/07/2020	Andalucía	14445	987	596	19318	6427	784	1447	16120
	Almería	1011	391	252	1284	277	46	53	861
	Cádiz	1356	23	16	1678	603	84	172	1452
	Córdoba	1484	125	76	1886	567	76	117	1638
	Granada	2879	174	75	3683	1233	139	288	2980
	Huelva	430	10	6	556	223	31	49	491
	Jaén	1518	21	10	2014	784	91	189	1798
	Málaga	3171	156	97	4948	1526	165	289	4015
	Sevilla	2596	87	64	3269	1214	152	290	2885
24/07/2020	Andalucía	14331	925	596	19203	6421	784	1447	16050
	Almería	982	391	235	1255	272	46	53	809
	Cádiz	1352	21	12	1674	603	84	172	1452
	Córdoba	1479	120	110	1880	566	76	117	1638
	Granada	2870	171	91	3674	1233	139	288	2977
	Huelva	427	8	4	553	223	31	49	491
	Jaén	1515	18	8	2011	784	91	189	1798
	Málaga	3145	142	96	4922	1524	165	289	4000
	Sevilla	2561	54	40	3234	1216	152	290	2885
23/07/2020	Andalucía	14219	854	545	19090	6413	784	1446	15959
	Almería	921	335	184	1194	269	46	53	778
	Cádiz	1350	20	10	1672	603	84	172	1452
	Córdoba	1473	117	112	1874	565	76	116	1638
	Granada	2852	178	103	3656	1233	139	288	2972
	Huelva	424	5	1	550	223	31	49	491
	Jaén	1510	13	5	2005	783	91	189	1760
	Málaga	3135	139	94	4912	1523	165	289	3983
	Sevilla	2554	47	36	3227	1214	152	290	2885
22/07/2020	Andalucía	14161	850	527	19023	6407	784	1446	15941
	Almería	925	355	200	1198	267	46	53	774
	Cádiz	1347	20	7	1668	602	84	172	1452
	Córdoba	1464	109	103	1866	565	76	116	1638
	Granada	2834	189	95	3637	1233	139	288	2970
	Huelva	424	6	2	550	223	31	49	491
	Jaén	1510	13	5	2004	782	91	189	1758
	Málaga	3114	122	82	4884	1522	165	289	3974
	Sevilla	2543	36	33	3216	1213	152	290	2884
21/07/2020	Andalucía	14044	768	496	18905	6409	784	1446	15934
	Almería	841	276	168	1114	265	46	53	772
	Cádiz	1347	21	9	1668	603	84	172	1452
	Córdoba	1460	105	99	1861	565	76	116	1637
	Granada	2820	198	98	3623	1229	139	288	2970
	Huelva	424	6	2	550	223	31	49	491
	Jaén	1509	14	10	2003	782	91	189	1755
	Málaga	3104	116	79	4874	1528	165	289	3973
	Sevilla	2539	32	31	3212	1214	152	290	2884
20/07/2020	Andalucía	13967	701	449	18828	6401	783	1446	15900
	Almería	822	260	163	1095	264	45	53	769
	Cádiz	1342	17	7	1663	600	84	172	1449
	Córdoba	1449	95	88	1850	564	76	116	1637
	Granada	2809	191	94	3612	1229	139	288	2966
	Huelva	423	5	3	549	223	31	49	490
	Jaén	1509	14	11	2003	782	91	189	1755
	Málaga	3081	93	59	4851	1526	165	289	3950
	Sevilla	2532	26	24	3205	1213	152	290	2884
19/07/2020	Andalucía	13901	646	403	18761	6399	783	1446	15900
	Almería	797	238	150	1070	263	45	53	769
	Cádiz	1342	17	9	1662	600	84	172	1449
	Córdoba	1436	82	75	1837	564	76	116	1637
	Granada	2784	173	71	3587	1229	139	288	2966
	Huelva	423	5	3	549	223	31	49	490
	Jaén	1509	14	11	2003	782	91	189	1755
	Málaga	3075	88	57	4845	1525	165	289	3950
	Sevilla	2535	29	27	3208	1213	152	290	2884
18/07/2020	Andalucía	13823	586	366	18682	6396	783	1446	15900
	Almería	786	230	164	1059	263	45	53	769
	Cádiz	1340	19	7	1660	600	84	172	1449
	Córdoba	1397	43	38	1798	564	76	116	1637
	Granada	2772	167	68	3574	1228	139	288	2966
	Huelva	423	5	3	549	223	31	49	490
	Jaén	1508	13	11	2002	782	91	189	1755
	Málaga	3062	80	48	4832	1523	165	289	3950
	Sevilla	2535	29	27	3208	1213	152	290	2884
17/07/2020	Andalucía	13733	519	329	18592	6386	783	1446	15874
	Almería	774	225	183	1047	261	45	53	767
	Cádiz	1340	19	9	1660	600	84	172	1447
	Córdoba	1367	13	8	1768	564	76	116	1637
	Granada	2762	168	64	3564	1228	139	288	2966
	Huelva	425	7	6	551	223	31	49	490
	Jaén	1506	12	9	2000	782	91	189	1755
	Málaga	3042	63	40	4812	1516	165	289	3929
	Sevilla	2517	12	10	3190	1212	152	290	2883
16/07/2020	Andalucía	13665	463	302	18524	6385	782	1446	15845
	Almería	740	192	155	1013	260	44	53	762
	Cádiz	1340	20	10	1660	600	84	172	1447
	Córdoba	1361	7	5	1762	564	76	116	1637
	Granada	2748	162	74	3550	1228	139	288	2964
	Huelva	425	7	6	551	223	31	49	490
	Jaén	1505	11	8	1999	782	91	189	1755
	Málaga	3035	58	40	4805	1516	165	289	3908
	Sevilla	2511	6	4	3184	1212	152	290	2882
15/07/2020	Andalucía	13575	391	264	18434	6383	781	1446	15817
	Almería	680	134	110	953	260	44	53	762
	Cádiz	1338	19	11	1658	600	84	172	1446
	Córdoba	1361	7	6	1762	564	76	116	1636
	Granada	2733	158	88	3535	1227	138	288	2964
	Huelva	422	4	4	548	223	31	49	490
	Jaén	1504	12	7	1998	781	91	189	1755
	Málaga	3027	51	35	4797	1516	165	289	3882
	Sevilla	2510	6	3	3183	1212	152	290	2882
14/07/2020	Andalucía	13542	384	266	18402	6376	781	1446	15796
	Almería	671	128	106	944	258	44	53	762
	Cádiz	1337	21	11	1657	600	84	172	1444
	Córdoba	1362	8	7	1763	564	76	116	1636
	Granada	2721	161	99	3523	1224	138	288	2963
	Huelva	422	4	4	548	223	31	49	488
	Jaén	1499	8	4	1993	781	91	189	1754
	Málaga	3022	49	34	4793	1514	165	289	3867
	Sevilla	2508	5	1	3181	1212	152	290	2882
13/07/2020	Andalucía	13514	371	247	18374	6377	781	1446	15755
	Almería	659	117	97	931	257	44	53	761
	Cádiz	1335	21	11	1655	600	84	172	1442
	Córdoba	1362	9	8	1763	564	76	116	1635
	Granada	2711	159	92	3514	1225	138	288	2963
	Huelva	420	2	2	546	223	31	49	488
	Jaén	1498	9	3	1992	781	91	189	1752
	Málaga	3021	49	32	4792	1515	165	289	3832
	Sevilla	2508	5	2	3181	1212	152	290	2882
12/07/2020	Andalucía	13496	389	240	18356	6372	780	1446	15755
	Almería	647	109	88	919	256	43	53	761
	Cádiz	1333	19	9	1653	600	84	172	1442
	Córdoba	1361	8	7	1762	564	76	116	1635
	Granada	2712	175	100	3515	1225	138	288	2963
	Huelva	420	2	2	546	223	31	49	488
	Jaén	1498	12	3	1992	781	91	189	1752
	Málaga	3017	59	29	4788	1511	165	289	3832
	Sevilla	2508	5	2	3181	1212	152	290	2882
11/07/2020	Andalucía	13449	357	210	18308	6370	780	1446	15754
	Almería	623	85	67	895	256	43	53	761
	Cádiz	1332	19	11	1652	600	84	172	1441
	Córdoba	1360	7	6	1761	564	76	116	1635
	Granada	2699	170	93	3501	1224	138	288	2963
	Huelva	420	2	2	546	223	31	49	488
	Jaén	1497	12	2	1991	781	91	189	1752
	Málaga	3010	57	27	4781	1510	165	289	3832
	Sevilla	2508	5	2	3181	1212	152	290	2882
10/07/2020	Andalucía	13387	319	174	18247	6364	778	1446	15694
	Almería	592	54	43	864	256	42	53	758
	Cádiz	1328	18	7	1648	597	84	172	1430
	Córdoba	1357	4	4	1758	564	76	116	1634
	Granada	2688	170	94	3491	1223	137	288	2959
	Huelva	419	1	1	545	223	31	49	488
	Jaén	1497	16	3	1991	781	91	189	1751
	Málaga	2999	50	20	4770	1508	165	289	3792
	Sevilla	2507	6	2	3180	1212	152	290	2882
09/07/2020	Andalucía	13338	289	138	18199	6356	778	1446	15648
	Almería	585	50	37	857	254	42	53	755
	Cádiz	1326	16	6	1646	596	84	172	1421
	Córdoba	1353	1	0	1755	562	76	116	1635
	Granada	2658	146	72	3460	1221	137	288	2959
	Huelva	419	2	1	545	223	31	49	486
	Jaén	1497	16	3	1991	781	91	189	1749
	Málaga	2993	52	17	4765	1507	165	289	3761
	Sevilla	2507	6	2	3180	1212	152	290	2882
08/07/2020	Andalucía	13304	319	122	18163	6352	778	1444	15602
	Almería	569	35	23	840	251	42	53	754
	Cádiz	1327	20	9	1646	596	84	172	1415
	Córdoba	1353	1	0	1755	562	76	117	1633
	Granada	2644	144	69	3446	1220	137	287	2959
	Huelva	418	8	0	544	223	31	49	480
	Jaén	1496	16	4	1990	781	91	189	1748
	Málaga	2990	88	14	4762	1507	165	288	3732
	Sevilla	2507	7	3	3180	1212	152	289	2881
07/07/2020	Andalucía	13278	345	124	18136	6350	784	1444	15554
	Almería	565	32	22	836	251	42	53	750
	Cádiz	1327	21	12	1646	596	85	172	1411
	Córdoba	1353	1	0	1755	562	76	117	1633
	Granada	2624	133	65	3426	1218	138	287	2959
	Huelva	418	8	0	544	223	31	49	480
	Jaén	1496	15	6	1990	781	91	189	1748
	Málaga	2988	127	15	4759	1507	168	287	3693
	Sevilla	2507	8	4	3180	1212	153	290	2880
06/07/2020	Andalucía	13262	333	119	18121	6346	784	1442	15533
	Almería	562	29	20	833	250	42	53	750
	Cádiz	1325	18	10	1643	594	85	171	1410
	Córdoba	1353	1	1	1756	563	76	117	1631
	Granada	2612	122	61	3415	1216	138	287	2959
	Huelva	418	10	0	544	223	31	49	480
	Jaén	1496	15	6	1990	781	91	189	1747
	Málaga	2990	131	18	4761	1507	168	287	3675
	Sevilla	2506	7	3	3179	1212	153	289	2881
05/07/2020	Andalucía	13248	325	141	18106	6341	784	1442	15533
	Almería	558	25	20	829	249	42	53	750
	Cádiz	1324	18	9	1642	594	85	171	1410
	Córdoba	1353	1	1	1756	563	76	117	1631
	Granada	2608	119	72	3410	1215	138	287	2959
	Huelva	418	10	0	544	223	31	49	480
	Jaén	1496	16	9	1990	781	91	189	1747
	Málaga	2985	129	27	4756	1504	168	287	3675
	Sevilla	2506	7	3	3179	1212	153	289	2881
04/07/2020	Andalucía	13231	317	139	18089	6340	784	1442	15533
	Almería	552	19	14	823	249	42	53	749
	Cádiz	1322	16	8	1640	594	85	171	1410
	Córdoba	1353	1	1	1756	563	76	117	1631
	Granada	2603	124	75	3405	1215	138	287	2960
	Huelva	418	10	0	544	223	31	49	480
	Jaén	1496	16	10	1990	781	91	189	1747
	Málaga	2981	124	28	4752	1503	168	287	3675
	Sevilla	2506	7	3	3179	1212	153	289	2881
03/07/2020	Andalucía	13208	308	142	18065	6337	784	1441	15499
	Almería	549	18	11	820	247	42	53	748
	Cádiz	1320	16	9	1638	594	85	171	1410
	Córdoba	1353	2	1	1756	563	76	116	1632
	Granada	2590	117	73	3392	1215	138	287	2960
	Huelva	418	10	0	544	223	31	49	480
	Jaén	1494	14	13	1988	781	91	189	1740
	Málaga	2980	125	31	4750	1501	168	287	3649
	Sevilla	2504	6	4	3177	1213	153	289	2880
02/07/2020	Andalucía	13194	315	146	18047	6334	781	1440	15467
	Almería	548	17	13	819	247	41	53	747
	Cádiz	1320	29	9	1638	594	85	171	1403
	Córdoba	1353	2	1	1755	562	76	116	1632
	Granada	2584	115	73	3386	1215	137	287	2959
	Huelva	418	10	1	544	223	31	48	480
	Jaén	1494	16	13	1986	779	91	189	1734
	Málaga	2975	120	34	4744	1501	168	287	3632
	Sevilla	2502	6	2	3175	1213	152	289	2880
01/07/2020	Andalucía	13174	301	211	18029	6333	780	1440	15441
	Almería	546	16	11	817	247	41	53	747
	Cádiz	1318	30	10	1636	593	84	171	1400
	Córdoba	1354	3	2	1756	562	76	116	1632
	Granada	2570	103	70	3374	1214	136	287	2958
	Huelva	418	10	9	544	223	31	48	480
	Jaén	1490	12	10	1983	779	91	189	1731
	Málaga	2975	119	95	4743	1501	168	287	3614
	Sevilla	2503	8	4	3176	1214	153	289	2879
30/06/2020	Andalucía	13137	267	203	17989	6331	780	1439	15398
	Almería	543	13	9	814	246	41	53	744
	Cádiz	1316	30	9	1634	593	84	171	1385
	Córdoba	1353	2	1	1756	562	76	116	1629
	Granada	2557	90	65	3359	1214	136	287	2957
	Huelva	418	10	9	544	223	31	48	480
	Jaén	1488	10	8	1980	778	91	188	1730
	Málaga	2959	104	98	4726	1501	168	287	3597
	Sevilla	2503	8	4	3176	1214	153	289	2876
29/06/2020	Andalucía	13115	250	184	17965	6328	780	1438	15387
	Almería	542	12	8	813	246	41	53	744
	Cádiz	1314	28	7	1632	593	84	171	1386
	Córdoba	1353	3	1	1755	562	76	116	1627
	Granada	2550	84	58	3352	1214	136	286	2952
	Huelva	418	10	10	544	223	31	48	480
	Jaén	1486	8	6	1978	777	91	188	1729
	Málaga	2949	94	89	4715	1499	168	287	3597
	Sevilla	2503	11	5	3176	1214	153	289	2872
28/06/2020	Andalucía	13083	221	155	17933	6327	780	1438	15386
	Almería	538	8	4	809	246	41	53	744
	Cádiz	1314	28	8	1632	593	84	171	1385
	Córdoba	1353	3	1	1755	562	76	116	1627
	Granada	2533	67	42	3335	1213	136	286	2952
	Huelva	418	10	10	544	223	31	48	480
	Jaén	1485	9	5	1977	777	91	188	1729
	Málaga	2939	85	80	4705	1499	168	287	3597
	Sevilla	2503	11	5	3176	1214	153	289	2872
27/06/2020	Andalucía	13064	207	148	17914	6324	780	1438	15383
	Almería	538	9	4	809	246	41	53	744
	Cádiz	1313	28	7	1631	593	84	171	1384
	Córdoba	1353	4	1	1755	562	76	116	1627
	Granada	2525	59	44	3327	1211	136	286	2952
	Huelva	418	10	10	544	223	31	48	480
	Jaén	1483	8	3	1975	777	91	188	1729
	Málaga	2931	78	74	4697	1498	168	287	3595
	Sevilla	2503	11	5	3176	1214	153	289	2872
26/06/2020	Andalucía	13019	170	114	17870	6322	779	1436	15359
	Almería	538	9	5	809	246	41	53	743
	Cádiz	1311	26	7	1630	593	84	169	1377
	Córdoba	1353	4	2	1755	562	76	116	1627
	Granada	2516	50	39	3318	1211	136	286	2949
	Huelva	418	10	10	544	223	31	48	480
	Jaén	1478	5	0	1971	776	91	188	1725
	Málaga	2905	56	49	4670	1498	168	287	3587
	Sevilla	2500	10	2	3173	1213	152	289	2871
25/06/2020	Andalucía	12992	153	109	17844	6320	778	1434	15297
	Almería	535	6	3	806	246	41	53	740
	Cádiz	1311	28	20	1630	593	84	168	1364
	Córdoba	1352	3	1	1754	562	76	115	1628
	Granada	2508	43	37	3311	1209	136	286	2949
	Huelva	417	9	9	543	223	30	48	479
	Jaén	1478	6	2	1971	776	91	188	1725
	Málaga	2891	48	35	4656	1498	168	287	3543
	Sevilla	2500	10	2	3173	1213	152	289	2869
24/06/2020	Andalucía	12950	114	77	17802	6317	778	1434	15248
	Almería	534	5	3	805	246	41	53	740
	Cádiz	1308	25	20	1627	593	84	168	1361
	Córdoba	1352	3	1	1754	562	76	115	1625
	Granada	2498	33	30	3301	1209	136	286	2948
	Huelva	409	2	1	535	223	30	48	479
	Jaén	1478	7	2	1971	774	91	188	1720
	Málaga	2872	30	16	4637	1497	168	287	3506
	Sevilla	2499	9	4	3172	1213	152	289	2869
23/06/2020	Andalucía	12929	104	60	17778	6313	777	1432	15154
	Almería	533	5	3	805	246	41	53	740
	Cádiz	1307	26	21	1624	593	84	168	1358
	Córdoba	1352	4	1	1753	562	76	115	1618
	Granada	2491	27	24	3294	1209	135	284	2934
	Huelva	409	2	0	535	223	30	48	479
	Jaén	1478	7	2	1971	771	91	188	1712
	Málaga	2861	23	6	4625	1497	168	287	3446
	Sevilla	2498	10	3	3171	1212	152	289	2867
22/06/2020	Andalucía	12925	105	59	17771	6313	777	1429	15113
	Almería	533	6	3	804	246	41	53	740
	Cádiz	1305	26	21	1621	592	84	165	1352
	Córdoba	1352	5	1	1753	562	76	115	1611
	Granada	2490	26	24	3292	1209	135	284	2933
	Huelva	407	0	0	533	222	30	48	479
	Jaén	1478	7	2	1971	771	91	187	1704
	Málaga	2861	24	5	4625	1498	168	288	3426
	Sevilla	2499	11	3	3172	1213	152	289	2868
21/06/2020	Andalucía	12916	98	52	17762	6311	777	1429	15106
	Almería	533	6	3	804	246	41	53	740
	Cádiz	1304	25	20	1620	592	84	165	1352
	Córdoba	1351	4	0	1752	561	76	115	1611
	Granada	2487	24	21	3289	1208	135	284	2933
	Huelva	407	0	0	533	222	30	48	479
	Jaén	1477	6	2	1970	771	91	187	1704
	Málaga	2858	22	3	4622	1498	168	288	3426
	Sevilla	2499	11	3	3172	1213	152	289	2861
20/06/2020	Andalucía	12907	96	48	17759	6309	777	1429	15103
	Almería	533	6	4	805	246	41	53	738
	Cádiz	1303	25	20	1619	592	84	165	1351
	Córdoba	1351	4	1	1754	561	76	115	1611
	Granada	2479	17	13	3283	1207	135	284	2933
	Huelva	407	0	0	533	222	30	48	479
	Jaén	1477	7	4	1970	770	91	187	1704
	Málaga	2858	25	3	4624	1498	168	288	3427
	Sevilla	2499	12	3	3171	1213	152	289	2860
19/06/2020	Andalucía	12892	101	41	17739	6305	777	1426	15051
	Almería	531	9	2	803	245	41	53	734
	Cádiz	1302	25	19	1616	592	84	164	1347
	Córdoba	1351	5	1	1754	561	76	115	1608
	Granada	2471	12	7	3274	1206	135	283	2931
	Huelva	407	0	0	533	222	30	48	478
	Jaén	1477	9	4	1970	770	91	187	1702
	Málaga	2855	28	5	4620	1496	168	287	3393
	Sevilla	2498	13	3	3169	1213	152	289	2858
18/06/2020	Andalucía	12871	94	28	17713	6309	778	1433	14978
	Almería	532	10	2	804	246	41	54	726
	Cádiz	1288	13	8	1602	592	84	164	1342
	Córdoba	1351	6	1	1752	562	77	117	1607
	Granada	2467	10	4	3271	1209	135	287	2930
	Huelva	407	0	0	533	222	30	48	478
	Jaén	1474	8	2	1966	769	91	186	1701
	Málaga	2854	30	7	4616	1496	168	288	3339
	Sevilla	2498	17	4	3169	1213	152	289	2855
17/06/2020	Andalucía	12856	104	26	17678	6308	778	1432	14850
	Almería	531	13	1	803	246	41	54	724
	Cádiz	1285	11	5	1592	592	84	163	1328
	Córdoba	1351	7	1	1752	562	77	117	1606
	Granada	2465	10	2	3269	1209	135	287	2927
	Huelva	407	1	0	533	222	30	48	478
	Jaén	1474	8	4	1965	769	91	186	1685
	Málaga	2846	35	9	4597	1496	168	288	3256
	Sevilla	2497	19	4	3167	1212	152	289	2846
16/06/2020	Andalucía	12846	112	32	17664	6305	778	1431	14722
	Almería	531	14	2	803	246	41	54	721
	Cádiz	1282	10	5	1589	589	84	163	1324
	Córdoba	1350	7	1	1751	563	77	117	1601
	Granada	2465	10	3	3269	1209	135	286	2914
	Huelva	407	1	0	533	222	30	48	478
	Jaén	1474	8	5	1965	769	91	186	1676
	Málaga	2840	39	10	4587	1496	168	288	3161
	Sevilla	2497	23	6	3167	1211	152	289	2847
15/06/2020	Andalucía	12842	135	33	17660	6303	777	1432	14610
	Almería	531	18	2	804	247	41	54	716
	Cádiz	1282	16	5	1588	589	84	163	1305
	Córdoba	1350	10	1	1751	563	77	117	1592
	Granada	2464	10	2	3268	1206	134	287	2905
	Huelva	407	4	0	533	222	30	48	477
	Jaén	1474	13	5	1965	769	91	186	1668
	Málaga	2840	44	12	4587	1497	168	288	3105
	Sevilla	2494	20	6	3164	1210	152	289	2842
14/06/2020	Andalucía	12840	140	33	17658	6303	777	1432	14611
	Almería	531	20	2	804	247	41	54	716
	Cádiz	1282	18	5	1588	589	84	163	1305
	Córdoba	1350	10	2	1751	563	77	117	1592
	Granada	2465	11	3	3269	1206	134	287	2906
	Huelva	407	4	0	533	222	30	48	477
	Jaén	1472	12	3	1963	769	91	186	1668
	Málaga	2839	45	12	4586	1497	168	288	3105
	Sevilla	2494	20	6	3164	1210	152	289	2842
13/06/2020	Andalucía	12836	143	37	17654	6302	777	1431	14606
	Almería	530	21	1	803	247	41	54	715
	Cádiz	1281	17	4	1587	589	84	163	1305
	Córdoba	1349	9	2	1750	562	77	117	1592
	Granada	2465	12	3	3269	1206	134	287	2906
	Huelva	407	4	0	533	222	30	48	477
	Jaén	1472	13	4	1963	769	91	186	1668
	Málaga	2838	47	16	4585	1497	168	287	3104
	Sevilla	2494	20	7	3164	1210	152	289	2839
12/06/2020	Andalucía	12829	151	45	17636	6300	775	1429	14473
	Almería	530	23	6	802	246	41	54	712
	Cádiz	1281	18	6	1582	588	83	161	1286
	Córdoba	1349	10	4	1750	563	76	117	1586
	Granada	2465	15	4	3269	1206	134	287	2893
	Huelva	407	4	0	532	222	30	48	474
	Jaén	1472	15	4	1963	769	91	186	1645
	Málaga	2834	47	16	4576	1497	168	287	3039
	Sevilla	2491	19	5	3162	1209	152	289	2838
11/06/2020	Andalucía	12820	155	46	17625	6298	775	1429	14405
	Almería	530	26	8	802	245	41	54	702
	Cádiz	1279	22	4	1580	588	83	161	1258
	Córdoba	1349	10	4	1750	563	76	117	1581
	Granada	2466	16	4	3270	1207	134	287	2882
	Huelva	407	4	0	532	222	30	48	474
	Jaén	1471	15	6	1962	769	91	186	1635
	Málaga	2827	43	13	4568	1495	168	287	3037
	Sevilla	2491	19	7	3161	1209	152	289	2836
10/06/2020	Andalucía	12810	167	57	17620	6293	774	1428	14322
	Almería	529	27	12	802	245	41	54	701
	Cádiz	1278	25	6	1586	587	83	161	1213
	Córdoba	1348	11	5	1749	563	76	117	1576
	Granada	2462	16	5	3266	1205	133	287	2881
	Huelva	407	4	0	532	222	30	48	474
	Jaén	1469	14	5	1958	769	91	185	1628
	Málaga	2826	50	14	4566	1494	168	287	3012
	Sevilla	2491	20	10	3161	1208	152	289	2837
09/06/2020	Andalucía	12799	168	62	17609	6291	773	1428	14212
	Almería	528	26	12	801	245	41	54	697
	Cádiz	1277	24	5	1586	587	83	161	1196
	Córdoba	1349	11	5	1750	563	76	117	1546
	Granada	2462	17	6	3266	1204	133	287	2880
	Huelva	407	4	0	532	222	30	48	474
	Jaén	1468	16	5	1956	769	91	185	1593
	Málaga	2822	48	18	4562	1494	168	287	2993
	Sevilla	2486	22	11	3156	1207	151	289	2833
08/06/2020	Andalucía	12795	167	74	17597	6291	773	1425	14031
	Almería	527	27	15	799	244	41	54	693
	Cádiz	1277	24	5	1585	587	83	159	1107
	Córdoba	1349	10	7	1750	563	76	117	1540
	Granada	2463	18	8	3265	1205	133	287	2874
	Huelva	408	4	3	532	222	30	48	471
	Jaén	1467	16	6	1954	769	91	184	1561
	Málaga	2820	48	20	4558	1494	168	287	2964
	Sevilla	2484	20	10	3154	1207	151	289	2821
07/06/2020	Andalucía	12796	168	82	17598	6291	773	1425	14004
	Almería	527	27	17	799	244	41	54	693
	Cádiz	1277	24	9	1585	587	83	159	1107
	Córdoba	1349	10	7	1750	563	76	117	1540
	Granada	2462	17	7	3264	1205	133	287	2873
	Huelva	408	4	4	532	222	30	48	471
	Jaén	1467	17	8	1954	769	91	184	1561
	Málaga	2820	49	20	4558	1494	168	287	2965
	Sevilla	2486	20	10	3156	1207	151	289	2794
06/06/2020	Andalucía	12788	166	88	17592	6289	773	1423	13989
	Almería	527	28	19	799	244	41	54	693
	Cádiz	1276	23	11	1584	587	83	159	1107
	Córdoba	1349	10	7	1750	563	76	117	1540
	Granada	2460	17	6	3264	1204	133	287	2868
	Huelva	408	4	4	532	222	30	48	471
	Jaén	1466	19	10	1953	769	91	184	1561
	Málaga	2816	46	22	4554	1493	168	287	2965
	Sevilla	2486	19	9	3156	1207	151	287	2784
05/06/2020	Andalucía	12765	155	84	17572	6285	770	1423	13866
	Almería	521	23	14	793	244	41	54	690
	Cádiz	1275	22	11	1584	587	82	159	1069
	Córdoba	1347	8	6	1748	561	76	117	1540
	Granada	2459	18	7	3264	1204	133	287	2869
	Huelva	406	4	3	531	221	30	48	470
	Jaén	1464	18	9	1951	769	90	184	1523
	Málaga	2809	42	22	4547	1491	168	287	2951
	Sevilla	2484	20	12	3154	1208	150	287	2754
04/06/2020	Andalucía	12753	163	88	17561	6286	769	1422	13752
	Almería	521	23	17	793	244	41	54	679
	Cádiz	1274	21	12	1585	586	81	159	1045
	Córdoba	1347	8	7	1748	561	76	117	1540
	Granada	2455	24	8	3258	1204	133	286	2851
	Huelva	407	5	4	532	222	30	48	468
	Jaén	1463	20	10	1949	769	90	184	1491
	Málaga	2806	42	21	4545	1491	168	287	2943
	Sevilla	2480	20	9	3151	1209	150	287	2735
03/06/2020	Andalucía	12737	167	85	17529	6276	769	1419	13646
	Almería	517	20	15	788	240	41	54	675
	Cádiz	1274	26	14	1580	583	81	159	1016
	Córdoba	1346	8	7	1747	560	76	117	1540
	Granada	2455	24	9	3258	1204	133	286	2827
	Huelva	405	3	2	530	222	30	48	467
	Jaén	1462	26	10	1945	769	90	182	1478
	Málaga	2801	43	22	4536	1491	168	287	2934
	Sevilla	2477	17	6	3145	1207	150	286	2709
02/06/2020	Andalucía	12721	165	76	17505	6270	770	1419	13526
	Almería	516	19	15	787	240	41	54	655
	Cádiz	1275	30	15	1581	584	81	159	986
	Córdoba	1345	8	7	1746	560	76	117	1519
	Granada	2454	26	8	3256	1204	133	286	2826
	Huelva	404	2	1	529	221	30	48	465
	Jaén	1461	28	10	1936	768	91	182	1474
	Málaga	2795	38	17	4531	1488	168	287	2916
	Sevilla	2471	14	3	3139	1205	150	286	2685
01/06/2020	Andalucía	12693	156	60	17482	6262	770	1418	13369
	Almería	511	14	10	781	240	41	54	652
	Cádiz	1269	26	12	1576	584	81	158	974
	Córdoba	1343	7	5	1744	559	76	117	1505
	Granada	2453	26	6	3257	1203	133	286	2777
	Huelva	404	3	1	529	221	30	48	464
	Jaén	1457	28	7	1931	768	91	182	1453
	Málaga	2788	34	16	4525	1484	168	287	2896
	Sevilla	2468	18	3	3139	1203	150	286	2648
31/05/2020	Andalucía	12688	155	0	17476	6261	770	1419	13323
	Almería	509	12	0	779	240	41	54	652
	Cádiz	1269	26	0	1576	583	81	158	974
	Córdoba	1343	7	0	1744	559	76	117	1505
	Granada	2452	27	0	3256	1203	133	287	2751
	Huelva	404	3	0	529	221	30	48	464
	Jaén	1456	29	0	1930	768	91	182	1453
	Málaga	2787	32	0	4523	1484	168	287	2895
	Sevilla	2468	19	0	3139	1203	150	286	2629
30/05/2020	Andalucía	12672	153	0	17469	6260	770	1417	13257
	Almería	507	10	0	777	239	41	53	652
	Cádiz	1269	26	0	1576	583	81	158	974
	Córdoba	1343	8	0	1744	559	76	117	1505
	Granada	2451	26	0	3255	1203	133	287	2752
	Huelva	404	3	0	529	221	30	48	464
	Jaén	1455	29	0	1929	768	91	182	1453
	Málaga	2784	31	0	4520	1484	168	286	2895
	Sevilla	2459	20	0	3139	1203	150	286	2562
29/05/2020	Andalucía	12647	163	0	17433	6251	768	1414	13058
	Almería	505	11	0	775	239	40	53	649
	Cádiz	1267	25	0	1574	583	81	158	952
	Córdoba	1342	9	0	1743	559	76	117	1506
	Granada	2448	32	0	3249	1202	133	286	2747
	Huelva	403	3	0	527	220	30	48	463
	Jaén	1453	35	0	1925	768	90	182	1360
	Málaga	2771	29	0	4499	1475	168	284	2859
	Sevilla	2458	19	0	3141	1205	150	286	2522
28/05/2020	Andalucía	12636	160	0	17408	6247	769	1414	12857
	Almería	503	10	0	773	237	40	53	627
	Cádiz	1259	19	0	1566	582	81	157	890
	Córdoba	1342	10	0	1742	558	76	117	1505
	Granada	2446	33	0	3241	1200	133	286	2739
	Huelva	403	3	0	528	220	30	48	463
	Jaén	1453	37	0	1913	767	90	182	1349
	Málaga	2771	29	0	4502	1478	170	285	2843
	Sevilla	2459	19	0	3143	1205	149	286	2441
27/05/2020	Andalucía	12627	169	0	17380	6245	767	1411	12690
	Almería	502	12	0	770	235	40	53	621
	Cádiz	1259	19	0	1567	582	81	157	888
	Córdoba	1341	11	0	1741	558	75	116	1505
	Granada	2445	33	0	3239	1201	133	286	2711
	Huelva	403	3	0	528	220	30	48	460
	Jaén	1454	41	0	1914	767	90	181	1311
	Málaga	2767	28	0	4475	1477	169	285	2802
	Sevilla	2456	22	0	3146	1205	149	285	2392
26/05/2020	Andalucía	12617	191	0	17345	6245	766	1406	12494
	Almería	501	15	0	770	235	40	53	605
	Cádiz	1256	21	0	1561	583	81	158	830
	Córdoba	1340	10	0	1740	558	75	116	1454
	Granada	2444	33	0	3228	1201	132	284	2686
	Huelva	403	4	0	527	220	30	48	456
	Jaén	1452	45	0	1911	766	90	180	1308
	Málaga	2769	39	0	4459	1477	169	283	2780
	Sevilla	2452	24	0	3149	1205	149	284	2375
25/05/2020	Andalucía	12599	208	0	17292	6233	766	1392	12230
	Almería	500	15	0	763	235	40	52	595
	Cádiz	1257	22	0	1558	578	81	153	797
	Córdoba	1340	12	0	1740	558	75	115	1443
	Granada	2442	35	0	3217	1199	132	282	2666
	Huelva	403	4	0	527	220	30	48	448
	Jaén	1443	50	0	1908	764	90	179	1291
	Málaga	2767	43	0	4429	1476	169	281	2715
	Sevilla	2447	27	0	3150	1203	149	282	2275
24/05/2020	Andalucía	12600	218	0	17267	6230	766	1391	12181
	Almería	499	16	0	763	234	40	52	596
	Cádiz	1257	22	0	1558	578	81	153	797
	Córdoba	1341	13	0	1741	558	75	114	1443
	Granada	2442	35	0	3221	1196	132	282	2669
	Huelva	403	4	0	526	220	30	48	447
	Jaén	1443	52	0	1908	765	90	179	1291
	Málaga	2767	44	0	4418	1476	169	281	2703
	Sevilla	2448	32	0	3132	1203	149	282	2235
23/05/2020	Andalucía	12597	229	0	17215	6229	766	1389	12081
	Almería	499	20	0	763	234	40	52	595
	Cádiz	1257	22	0	1558	578	81	153	797
	Córdoba	1341	15	0	1741	558	75	114	1443
	Granada	2439	34	0	3217	1195	132	280	2669
	Huelva	403	4	0	526	220	30	48	447
	Jaén	1443	53	0	1909	766	90	179	1293
	Málaga	2767	45	0	4418	1476	169	281	2702
	Sevilla	2448	36	0	3083	1202	149	282	2135
22/05/2020	Andalucía	12576	239	0	17078	6215	767	1377	11812
	Almería	498	21	0	755	231	41	51	564
	Cádiz	1258	24	0	1554	577	81	149	737
	Córdoba	1340	14	0	1694	554	75	110	1410
	Granada	2437	37	0	3198	1194	132	280	2651
	Huelva	402	3	0	525	219	30	48	442
	Jaén	1431	52	0	1891	763	90	178	1276
	Málaga	2766	47	0	4386	1475	169	281	2623
	Sevilla	2444	41	0	3075	1202	149	280	2109
21/05/2020	Andalucía	12547	234	0	17025	6210	766	1375	11624
	Almería	498	21	0	748	232	42	52	551
	Cádiz	1252	21	0	1542	575	80	147	721
	Córdoba	1341	17	0	1773	558	75	111	1460
	Granada	2431	35	0	3186	1191	132	280	2642
	Huelva	402	3	0	525	219	30	48	437
	Jaén	1422	48	0	1868	761	89	177	1220
	Málaga	2764	47	0	4327	1474	169	281	2537
	Sevilla	2437	42	0	3056	1200	149	279	2056
20/05/2020	Andalucía	12502	228	0	16842	6196	764	1371	11289
	Almería	497	20	0	739	229	42	52	506
	Cádiz	1245	15	0	1531	572	80	147	681
	Córdoba	1337	15	0	1729	556	75	110	1428
	Granada	2426	39	0	3171	1190	132	280	2630
	Huelva	402	3	0	525	219	30	48	435
	Jaén	1403	43	0	1841	758	87	176	1201
	Málaga	2757	44	0	4261	1473	169	281	2435
	Sevilla	2435	49	0	3045	1199	149	277	1973
19/05/2020	Andalucía	12489	228	0	16689	6182	760	1367	10963
	Almería	498	20	0	734	229	42	52	499
	Cádiz	1242	17	0	1524	571	79	147	593
	Córdoba	1334	12	0	1705	554	75	107	1359
	Granada	2422	41	0	3141	1187	132	280	2581
	Huelva	401	2	0	523	219	30	48	414
	Jaén	1397	41	0	1820	754	87	176	1190
	Málaga	2763	47	0	4216	1472	167	281	2377
	Sevilla	2432	48	0	3026	1196	148	276	1950
18/05/2020	Andalucía	12473	260	0	16511	6176	760	1361	10743
	Almería	498	20	0	728	228	42	52	490
	Cádiz	1239	18	0	1508	570	79	147	566
	Córdoba	1331	13	0	1696	552	75	106	1351
	Granada	2420	44	0	3109	1184	132	279	2527
	Huelva	400	1	0	521	219	30	48	392
	Jaén	1392	55	0	1797	753	87	176	1169
	Málaga	2763	56	0	4153	1474	167	278	2324
	Sevilla	2430	53	0	2999	1196	148	275	1924
17/05/2020	Andalucía	12458	261	0	16457	6178	761	1358	10671
	Almería	498	20	0	729	229	42	52	487
	Cádiz	1240	22	0	1508	571	79	145	565
	Córdoba	1331	13	0	1696	552	76	106	1350
	Granada	2417	43	0	3106	1184	132	279	2524
	Huelva	400	1	0	521	219	30	48	392
	Jaén	1387	50	0	1793	754	87	175	1171
	Málaga	2760	59	0	4122	1473	167	278	2302
	Sevilla	2425	53	0	2982	1196	148	275	1880
16/05/2020	Andalucía	12450	265	0	16432	6174	760	1358	10611
	Almería	498	20	0	728	228	41	52	484
	Cádiz	1240	23	0	1500	570	79	145	560
	Córdoba	1331	13	0	1696	552	76	106	1350
	Granada	2413	41	0	3101	1183	132	279	2520
	Huelva	400	1	0	521	219	30	48	391
	Jaén	1387	55	0	1793	754	87	175	1171
	Málaga	2758	57	0	4115	1472	167	278	2295
	Sevilla	2423	55	0	2978	1196	148	275	1840
15/05/2020	Andalucía	12420	257	0	16263	6161	758	1355	10319
	Almería	494	18	0	713	224	41	51	474
	Cádiz	1235	22	0	1487	568	79	145	530
	Córdoba	1329	14	0	1688	552	75	105	1335
	Granada	2407	40	0	3070	1183	132	279	2499
	Huelva	399	0	0	520	219	30	48	351
	Jaén	1379	49	0	1771	753	86	174	1129
	Málaga	2754	54	0	4068	1466	167	278	2214
	Sevilla	2423	60	0	2946	1196	148	275	1787
14/05/2020	Andalucía	12401	281	0	16068	6146	754	1344	10148
	Almería	492	18	0	695	218	39	50	452
	Cádiz	1236	25	0	1480	566	79	142	517
	Córdoba	1328	13	0	1682	551	74	105	1331
	Granada	2401	50	0	3033	1184	132	278	2480
	Huelva	399	0	0	520	219	30	48	344
	Jaén	1375	58	0	1751	751	85	173	1121
	Málaga	2746	55	0	3983	1463	167	274	2161
	Sevilla	2424	62	0	2924	1194	148	274	1742
13/05/2020	Andalucía	12359	304	0	15823	6128	751	1336	9918
	Almería	488	14	0	677	216	39	50	447
	Cádiz	1235	41	0	1477	566	79	142	511
	Córdoba	1326	16	0	1656	549	74	105	1308
	Granada	2399	58	0	2965	1183	132	275	2412
	Huelva	398	0	0	510	219	30	48	328
	Jaén	1366	62	0	1724	749	83	170	1103
	Málaga	2732	55	0	3919	1455	166	273	2098
	Sevilla	2415	58	0	2895	1191	148	273	1711
12/05/2020	Andalucía	12317	323	0	15629	6114	750	1332	9481
	Almería	485	14	0	662	214	39	50	433
	Cádiz	1232	43	0	1464	566	79	142	489
	Córdoba	1326	21	0	1632	547	74	105	1176
	Granada	2381	65	0	2966	1179	132	274	2326
	Huelva	398	0	0	510	219	30	48	320
	Jaén	1358	62	0	1689	745	82	168	1099
	Málaga	2723	55	0	3838	1454	166	272	2010
	Sevilla	2414	63	0	2868	1190	148	273	1628
11/05/2020	Andalucía	12293	351	0	15522	6101	745	1326	9297
	Almería	483	13	0	652	213	38	50	427
	Cádiz	1232	45	0	1449	566	79	142	473
	Córdoba	1324	22	0	1600	546	73	104	1147
	Granada	2378	71	0	3002	1178	132	274	2315
	Huelva	398	4	0	510	219	30	47	309
	Jaén	1355	64	0	1669	742	81	166	1082
	Málaga	2714	64	0	3790	1449	165	271	1960
	Sevilla	2409	68	0	2850	1188	147	272	1584
10/05/2020	Andalucía	12341	359	0	15478	6092	745	1322	9205
	Almería	482	12	0	649	212	38	50	423
	Cádiz	1232	49	0	1450	567	79	142	472
	Córdoba	1326	24	0	1600	544	73	104	1148
	Granada	2438	74	0	2987	1176	132	274	2302
	Huelva	398	6	0	510	219	30	47	303
	Jaén	1349	61	0	1661	743	81	165	1060
	Málaga	2714	66	0	3779	1448	165	271	1955
	Sevilla	2402	67	0	2842	1183	147	269	1542
09/05/2020	Andalucía	12315	362	0	15403	6080	744	1320	9020
	Almería	479	9	0	642	211	38	50	403
	Cádiz	1232	52	0	1444	566	79	142	469
	Córdoba	1323	22	0	1589	542	73	104	1143
	Granada	2431	77	0	2973	1173	132	273	2269
	Huelva	398	7	0	510	219	30	47	303
	Jaén	1345	58	0	1654	743	81	165	1042
	Málaga	2712	70	0	3760	1445	165	271	1942
	Sevilla	2395	67	0	2831	1181	146	268	1449
08/05/2020	Andalucía	12298	420	0	15228	6069	745	1317	8779
	Almería	477	9	0	630	210	38	49	391
	Cádiz	1228	55	0	1426	565	79	141	449
	Córdoba	1322	25	0	1547	541	73	104	1105
	Granada	2443	120	0	2946	1171	132	273	2201
	Huelva	398	9	0	507	219	30	46	296
	Jaén	1332	52	0	1638	742	82	166	1039
	Málaga	2707	81	0	3718	1440	165	270	1884
	Sevilla	2391	69	0	2816	1181	146	268	1414
07/05/2020	Andalucía	12287	506	0	15050	6038	742	1301	8435
	Almería	477	10	0	618	210	37	49	376
	Cádiz	1222	59	0	1406	559	78	138	412
	Córdoba	1320	27	0	1527	540	73	104	1093
	Granada	2469	168	0	2905	1166	132	271	2126
	Huelva	398	10	0	500	219	30	45	275
	Jaén	1321	48	0	1609	733	81	164	1001
	Málaga	2701	104	0	3703	1438	165	266	1811
	Sevilla	2379	80	0	2782	1173	146	264	1341
06/05/2020	Andalucía	12268	0	0	14870	6027	744	1294	8076
	Almería	476	0	0	612	209	37	49	367
	Cádiz	1218	0	0	1386	557	78	138	400
	Córdoba	1319	0	0	1508	540	73	103	1027
	Granada	2488	0	0	2888	1164	133	270	2072
	Huelva	399	0	0	487	220	30	44	236
	Jaén	1315	0	0	1600	737	82	164	962
	Málaga	2683	0	0	3638	1432	165	264	1752
	Sevilla	2370	0	0	2751	1168	146	262	1260
05/05/2020	Andalucía	12236	0	0	14639	6012	740	1281	7679
	Almería	476	0	0	600	208	37	49	353
	Cádiz	1216	0	0	1365	557	78	138	392
	Córdoba	1315	0	0	1495	538	73	102	960
	Granada	2480	0	0	2823	1159	131	261	2006
	Huelva	399	0	0	474	220	30	44	226
	Jaén	1306	0	0	1584	734	80	164	934
	Málaga	2678	0	0	3565	1429	165	263	1707
	Sevilla	2366	0	0	2733	1167	146	260	1101
04/05/2020	Andalucía	0	0	0	14394	5983	738	1267	7230
	Almería	0	0	0	593	208	37	49	349
	Cádiz	0	0	0	1342	548	78	136	379
	Córdoba	0	0	0	1483	537	73	102	952
	Granada	0	0	0	2781	1156	130	255	1929
	Huelva	0	0	0	466	220	30	43	219
	Jaén	0	0	0	1556	734	80	162	712
	Málaga	0	0	0	3462	1417	164	261	1637
	Sevilla	0	0	0	2711	1163	146	259	1053
03/05/2020	Andalucía	0	0	0	14349	5973	738	1263	7021
	Almería	0	0	0	595	208	37	49	349
	Cádiz	0	0	0	1335	546	78	135	373
	Córdoba	0	0	0	1480	534	73	101	952
	Granada	0	0	0	2766	1155	130	254	1758
	Huelva	0	0	0	466	220	30	43	219
	Jaén	0	0	0	1547	732	80	162	689
	Málaga	0	0	0	3452	1416	164	261	1636
	Sevilla	0	0	0	2708	1162	146	258	1045
02/05/2020	Andalucía	0	0	0	14287	5961	736	1256	6897
	Almería	0	0	0	595	208	37	49	349
	Cádiz	0	0	0	1335	546	78	135	372
	Córdoba	0	0	0	1478	534	73	100	952
	Granada	0	0	0	2751	1152	130	251	1700
	Huelva	0	0	0	466	220	30	43	212
	Jaén	0	0	0	1528	725	79	162	675
	Málaga	0	0	0	3432	1415	164	261	1612
	Sevilla	0	0	0	2702	1161	145	255	1025
01/05/2020	Andalucía	0	0	0	14195	5962	735	1253	6821
	Almería	0	0	0	592	208	37	49	343
	Cádiz	0	0	0	1330	545	78	135	372
	Córdoba	0	0	0	1477	535	74	100	952
	Granada	0	0	0	2739	1154	129	248	1675
	Huelva	0	0	0	466	220	30	43	210
	Jaén	0	0	0	1513	724	78	162	652
	Málaga	0	0	0	3416	1415	164	261	1607
	Sevilla	0	0	0	2662	1161	145	255	1010
30/04/2020	Andalucía	0	0	0	13946	5936	729	1238	6334
	Almería	0	0	0	579	207	37	48	336
	Cádiz	0	0	0	1310	541	77	132	360
	Córdoba	0	0	0	1462	533	71	99	861
	Granada	0	0	0	2693	1144	129	244	1567
	Huelva	0	0	0	446	220	30	43	196
	Jaén	0	0	0	1483	719	78	161	559
	Málaga	0	0	0	3324	1415	163	259	1498
	Sevilla	0	0	0	2649	1157	144	252	957
29/04/2020	Andalucía	0	0	0	13688	5874	721	1207	5710
	Almería	0	0	0	555	207	37	48	299
	Cádiz	0	0	0	1282	532	75	116	347
	Córdoba	0	0	0	1435	531	71	98	728
	Granada	0	0	0	2636	1131	128	241	1377
	Huelva	0	0	0	434	221	30	43	183
	Jaén	0	0	0	1469	709	76	159	458
	Málaga	0	0	0	3248	1407	161	254	1423
	Sevilla	0	0	0	2629	1136	143	248	895
28/04/2020	Andalucía	0	0	0	13501	5832	722	1188	5272
	Almería	0	0	0	542	203	37	47	246
	Cádiz	0	0	0	1267	529	76	111	344
	Córdoba	0	0	0	1414	526	71	98	730
	Granada	0	0	0	2593	1128	127	238	1214
	Huelva	0	0	0	425	214	30	41	163
	Jaén	0	0	0	1445	701	75	156	364
	Málaga	0	0	0	3210	1404	161	253	1405
	Sevilla	0	0	0	2605	1127	145	244	806
27/04/2020	Andalucía	0	0	0	13250	5793	721	1168	5039
	Almería	0	0	0	533	204	38	47	245
	Cádiz	0	0	0	1255	522	76	107	329
	Córdoba	0	0	0	1404	523	71	96	727
	Granada	0	0	0	2536	1123	126	234	1133
	Huelva	0	0	0	420	214	30	40	154
	Jaén	0	0	0	1434	690	74	155	345
	Málaga	0	0	0	3093	1400	161	250	1357
	Sevilla	0	0	0	2575	1117	145	239	749
26/04/2020	Andalucía	0	0	0	13160	5768	720	1157	4890
	Almería	0	0	0	527	204	38	46	238
	Cádiz	0	0	0	1244	516	76	102	319
	Córdoba	0	0	0	1403	523	71	95	694
	Granada	0	0	0	2504	1125	126	233	1110
	Huelva	0	0	0	417	211	30	40	153
	Jaén	0	0	0	1426	686	74	155	325
	Málaga	0	0	0	3076	1396	160	250	1342
	Sevilla	0	0	0	2563	1107	145	236	709
25/04/2020	Andalucía	0	0	0	13023	5748	716	1145	4741
	Almería	0	0	0	527	204	38	45	229
	Cádiz	0	0	0	1241	514	76	101	319
	Córdoba	0	0	0	1397	522	71	94	647
	Granada	0	0	0	2419	1120	124	229	1064
	Huelva	0	0	0	415	210	30	40	152
	Jaén	0	0	0	1410	682	72	152	323
	Málaga	0	0	0	3060	1394	160	249	1329
	Sevilla	0	0	0	2554	1102	145	235	678
24/04/2020	Andalucía	0	0	0	12824	5715	717	1131	4295
	Almería	0	0	0	518	202	38	45	213
	Cádiz	0	0	0	1229	510	76	100	317
	Córdoba	0	0	0	1382	517	71	88	516
	Granada	0	0	0	2348	1108	124	225	987
	Huelva	0	0	0	408	209	30	39	150
	Jaén	0	0	0	1405	678	72	152	285
	Málaga	0	0	0	3009	1396	161	247	1189
	Sevilla	0	0	0	2525	1095	145	235	638
23/04/2020	Andalucía	0	0	0	12495	5675	714	1107	3992
	Almería	0	0	0	513	200	37	44	196
	Cádiz	0	0	0	1220	502	76	92	316
	Córdoba	0	0	0	1363	516	71	87	402
	Granada	0	0	0	2294	1099	124	223	958
	Huelva	0	0	0	401	216	30	37	138
	Jaén	0	0	0	1383	674	72	152	280
	Málaga	0	0	0	2839	1383	161	241	1119
	Sevilla	0	0	0	2482	1085	143	231	583
22/04/2020	Andalucía	0	0	0	12237	5616	702	1079	3847
	Almería	0	0	0	492	198	37	44	185
	Cádiz	0	0	0	1204	500	74	88	314
	Córdoba	0	0	0	1342	506	69	83	400
	Granada	0	0	0	2251	1093	124	219	947
	Huelva	0	0	0	396	214	29	35	136
	Jaén	0	0	0	1348	663	68	147	263
	Málaga	0	0	0	2741	1377	161	237	1054
	Sevilla	0	0	0	2463	1065	140	226	548
21/04/2020	Andalucía	0	0	0	11921	5565	696	1050	3569
	Almería	0	0	0	473	197	37	44	165
	Cádiz	0	0	0	1161	493	74	83	298
	Córdoba	0	0	0	1300	504	69	83	386
	Granada	0	0	0	2200	1081	122	214	869
	Huelva	0	0	0	391	212	29	35	130
	Jaén	0	0	0	1325	650	68	141	260
	Málaga	0	0	0	2657	1376	159	232	956
	Sevilla	0	0	0	2414	1052	138	218	505
20/04/2020	Andalucía	0	0	0	11689	5509	692	1017	3411
	Almería	0	0	0	466	193	36	43	160
	Cádiz	0	0	0	1161	494	74	75	294
	Córdoba	0	0	0	1290	501	69	79	369
	Granada	0	0	0	2142	1066	121	208	846
	Huelva	0	0	0	390	212	29	34	130
	Jaén	0	0	0	1317	646	68	140	254
	Málaga	0	0	0	2552	1353	158	223	877
	Sevilla	0	0	0	2371	1044	137	215	481
19/04/2020	Andalucía	0	0	0	11555	5473	690	1013	3229
	Almería	0	0	0	461	191	36	43	153
	Cádiz	0	0	0	1146	490	74	75	283
	Córdoba	0	0	0	1281	496	67	79	368
	Granada	0	0	0	2078	1057	121	205	704
	Huelva	0	0	0	389	212	29	34	120
	Jaén	0	0	0	1309	640	68	140	254
	Málaga	0	0	0	2546	1350	158	223	873
	Sevilla	0	0	0	2345	1037	137	214	474
18/04/2020	Andalucía	0	0	0	11425	5424	687	993	3116
	Almería	0	0	0	458	190	36	42	147
	Cádiz	0	0	0	1139	487	74	75	283
	Córdoba	0	0	0	1271	492	67	74	371
	Granada	0	0	0	2023	1041	119	196	616
	Huelva	0	0	0	377	206	29	34	118
	Jaén	0	0	0	1297	636	67	137	253
	Málaga	0	0	0	2531	1346	158	223	869
	Sevilla	0	0	0	2329	1026	137	212	459
17/04/2020	Andalucía	0	0	0	11204	5341	677	967	2948
	Almería	0	0	0	444	188	35	41	126
	Cádiz	0	0	0	1122	468	73	74	280
	Córdoba	0	0	0	1266	490	66	72	353
	Granada	0	0	0	1969	1025	117	193	563
	Huelva	0	0	0	358	204	29	32	107
	Jaén	0	0	0	1274	625	63	131	252
	Málaga	0	0	0	2472	1325	158	217	835
	Sevilla	0	0	0	2299	1016	136	207	432
16/04/2020	Andalucía	0	0	0	11053	5298	675	940	2790
	Almería	0	0	0	436	186	35	39	118
	Cádiz	0	0	0	1110	466	73	71	276
	Córdoba	0	0	0	1259	486	64	70	317
	Granada	0	0	0	1956	1018	117	191	513
	Huelva	0	0	0	352	201	29	29	89
	Jaén	0	0	0	1233	612	62	129	252
	Málaga	0	0	0	2429	1317	157	214	809
	Sevilla	0	0	0	2278	1012	138	197	416
15/04/2020	Andalucía	0	0	0	10807	5226	671	912	2634
	Almería	0	0	0	428	181	35	38	90
	Cádiz	0	0	0	1072	460	71	68	264
	Córdoba	0	0	0	1247	479	62	63	301
	Granada	0	0	0	1926	1004	117	187	480
	Huelva	0	0	0	347	200	30	28	73
	Jaén	0	0	0	1201	608	62	128	252
	Málaga	0	0	0	2363	1302	156	211	772
	Sevilla	0	0	0	2223	992	138	189	402
14/04/2020	Andalucía	0	0	0	10595	5147	665	865	2224
	Almería	0	0	0	416	179	34	38	100
	Cádiz	0	0	0	1044	455	71	62	235
	Córdoba	0	0	0	1211	468	61	59	207
	Granada	0	0	0	1911	994	115	181	409
	Huelva	0	0	0	344	185	30	27	62
	Jaén	0	0	0	1189	600	62	115	220
	Málaga	0	0	0	2321	1284	156	201	664
	Sevilla	0	0	0	2159	982	136	182	327
13/04/2020	Andalucía	0	0	0	10306	5054	631	836	2032
	Almería	0	0	0	414	176	34	38	96
	Cádiz	0	0	0	1001	452	70	60	203
	Córdoba	0	0	0	1190	462	57	58	197
	Granada	0	0	0	1864	973	110	180	375
	Huelva	0	0	0	337	177	27	27	61
	Jaén	0	0	0	1177	590	59	111	209
	Málaga	0	0	0	2240	1253	145	184	597
	Sevilla	0	0	0	2083	971	129	178	294
12/04/2020	Andalucía	0	0	0	10187	4993	621	815	1967
	Almería	0	0	0	413	176	34	35	86
	Cádiz	0	0	0	990	439	70	60	200
	Córdoba	0	0	0	1169	456	56	56	197
	Granada	0	0	0	1832	957	104	170	360
	Huelva	0	0	0	331	171	27	27	61
	Jaén	0	0	0	1169	590	59	107	205
	Málaga	0	0	0	2217	1240	143	183	583
	Sevilla	0	0	0	2066	964	128	177	275
11/04/2020	Andalucía	0	0	0	10006	4950	619	799	1838
	Almería	0	0	0	409	176	35	36	85
	Cádiz	0	0	0	971	436	70	59	194
	Córdoba	0	0	0	1153	453	56	56	176
	Granada	0	0	0	1772	943	103	165	317
	Huelva	0	0	0	328	169	27	26	61
	Jaén	0	0	0	1136	579	59	105	200
	Málaga	0	0	0	2203	1239	142	183	558
	Sevilla	0	0	0	2034	955	127	169	247
10/04/2020	Andalucía	0	0	0	9712	4808	602	737	1630
	Almería	0	0	0	403	171	33	32	83
	Cádiz	0	0	0	943	421	65	52	157
	Córdoba	0	0	0	1136	449	55	49	161
	Granada	0	0	0	1725	915	102	157	272
	Huelva	0	0	0	318	170	27	22	57
	Jaén	0	0	0	1097	561	57	96	156
	Málaga	0	0	0	2143	1199	137	170	523
	Sevilla	0	0	0	1947	922	126	159	221
09/04/2020	Andalucía	0	0	0	9510	4715	582	691	1437
	Almería	0	0	0	400	169	33	29	73
	Cádiz	0	0	0	929	413	64	49	144
	Córdoba	0	0	0	1116	439	54	48	159
	Granada	0	0	0	1686	890	102	148	251
	Huelva	0	0	0	310	165	26	21	48
	Jaén	0	0	0	1055	557	56	92	111
	Málaga	0	0	0	2127	1182	123	154	451
	Sevilla	0	0	0	1887	900	124	150	200
08/04/2020	Andalucía	0	0	0	9261	4599	538	652	1193
	Almería	0	0	0	395	168	32	27	63
	Cádiz	0	0	0	915	403	58	45	128
	Córdoba	0	0	0	1084	424	52	45	131
	Granada	0	0	0	1639	865	95	142	205
	Huelva	0	0	0	308	159	25	21	40
	Jaén	0	0	0	1021	548	51	84	80
	Málaga	0	0	0	2074	1158	111	147	355
	Sevilla	0	0	0	1825	874	114	141	191
07/04/2020	Andalucía	0	0	0	8997	4463	520	605	1041
	Almería	0	0	0	378	161	32	26	54
	Cádiz	0	0	0	901	385	55	36	118
	Córdoba	0	0	0	1069	419	50	42	101
	Granada	0	0	0	1600	844	93	138	177
	Huelva	0	0	0	296	154	25	20	41
	Jaén	0	0	0	990	534	49	72	74
	Málaga	0	0	0	2006	1130	107	140	318
	Sevilla	0	0	0	1757	836	109	131	158
06/04/2020	Andalucía	0	0	0	8767	4335	499	528	900
	Almería	0	0	0	371	154	32	23	50
	Cádiz	0	0	0	881	370	56	32	109
	Córdoba	0	0	0	1055	408	50	39	84
	Granada	0	0	0	1550	830	88	128	182
	Huelva	0	0	0	292	147	25	16	19
	Jaén	0	0	0	973	520	47	53	62
	Málaga	0	0	0	1932	1095	97	125	289
	Sevilla	0	0	0	1713	811	104	112	105
05/04/2020	Andalucía	0	0	0	8581	4227	489	491	798
	Almería	0	0	0	371	153	32	23	49
	Cádiz	0	0	0	862	367	56	31	104
	Córdoba	0	0	0	1046	401	48	37	84
	Granada	0	0	0	1501	808	85	114	129
	Huelva	0	0	0	288	143	25	16	18
	Jaén	0	0	0	934	490	46	52	61
	Málaga	0	0	0	1916	1087	96	121	258
	Sevilla	0	0	0	1663	778	101	97	95
04/04/2020	Andalucía	0	0	0	8301	4107	474	470	665
	Almería	0	0	0	346	151	30	22	39
	Cádiz	0	0	0	846	365	49	31	88
	Córdoba	0	0	0	974	385	46	32	66
	Granada	0	0	0	1477	787	84	114	101
	Huelva	0	0	0	279	140	25	11	18
	Jaén	0	0	0	914	475	46	49	60
	Málaga	0	0	0	1863	1057	94	118	211
	Sevilla	0	0	0	1602	747	100	93	82
03/04/2020	Andalucía	0	0	0	7869	3896	364	426	463
	Almería	0	0	0	319	146	11	22	37
	Cádiz	0	0	0	796	345	27	27	62
	Córdoba	0	0	0	892	365	79	30	55
	Granada	0	0	0	1379	727	68	105	47
	Huelva	0	0	0	274	132	27	11	8
	Jaén	0	0	0	874	459	48	46	39
	Málaga	0	0	0	1800	1010	33	110	162
	Sevilla	0	0	0	1535	712	71	75	53
02/04/2020	Andalucía	0	0	0	7374	3673	338	376	258
	Almería	0	0	0	301	145	25	20	25
	Cádiz	0	0	0	754	319	42	22	28
	Córdoba	0	0	0	782	338	32	25	10
	Granada	0	0	0	1292	681	68	93	25
	Huelva	0	0	0	237	123	10	10	4
	Jaén	0	0	0	821	440	21	43	23
	Málaga	0	0	0	1725	968	77	98	110
	Sevilla	0	0	0	1462	659	63	65	33
01/04/2020	Andalucía	0	0	0	6972	3444	280	343	228
	Almería	0	0	0	290	129	19	18	22
	Cádiz	0	0	0	697	295	23	19	22
	Córdoba	0	0	0	728	321	20	25	7
	Granada	0	0	0	1230	636	58	86	23
	Huelva	0	0	0	224	115	10	6	2
	Jaén	0	0	0	788	420	16	39	21
	Málaga	0	0	0	1644	917	74	93	101
	Sevilla	0	0	0	1371	611	60	57	30
31/03/2020	Andalucía	0	0	0	6392	3147	260	308	182
	Almería	0	0	0	262	124	18	17	14
	Cádiz	0	0	0	645	266	22	17	17
	Córdoba	0	0	0	687	302	19	21	4
	Granada	0	0	0	1182	603	56	80	15
	Huelva	0	0	0	195	106	7	4	2
	Jaén	0	0	0	742	395	16	37	17
	Málaga	0	0	0	1464	815	65	77	93
	Sevilla	0	0	0	1215	536	57	55	20
30/03/2020	Andalucía	0	0	0	5818	2867	235	248	160
	Almería	0	0	0	251	108	15	16	6
	Cádiz	0	0	0	539	216	19	14	16
	Córdoba	0	0	0	661	288	17	15	4
	Granada	0	0	0	1061	556	50	67	15
	Huelva	0	0	0	177	96	7	4	2
	Jaén	0	0	0	661	358	13	26	17
	Málaga	0	0	0	1349	745	61	70	83
	Sevilla	0	0	0	1119	500	53	36	17
29/03/2020	Andalucía	0	0	0	5405	2671	216	236	155
	Almería	0	0	0	223	96	12	14	6
	Cádiz	0	0	0	507	207	16	13	10
	Córdoba	0	0	0	572	269	15	13	4
	Granada	0	0	0	963	493	50	66	15
	Huelva	0	0	0	168	92	7	4	2
	Jaén	0	0	0	599	319	10	23	17
	Málaga	0	0	0	1321	725	61	69	83
	Sevilla	0	0	0	1052	470	45	34	18
28/03/2020	Andalucía	0	0	0	4682	2294	201	207	148
	Almería	0	0	0	200	86	8	12	6
	Cádiz	0	0	0	447	170	16	9	9
	Córdoba	0	0	0	473	221	14	11	4
	Granada	0	0	0	860	427	48	57	13
	Huelva	0	0	0	131	72	6	4	2
	Jaén	0	0	0	501	279	10	20	16
	Málaga	0	0	0	1158	642	57	64	81
	Sevilla	0	0	0	912	397	42	30	17
27/03/2020	Andalucía	0	0	0	4277	2106	172	175	139
	Almería	0	0	0	173	72	8	10	6
	Cádiz	0	0	0	406	156	13	7	8
	Córdoba	0	0	0	424	200	13	9	4
	Granada	0	0	0	806	396	39	49	11
	Huelva	0	0	0	120	66	4	2	2
	Jaén	0	0	0	465	258	10	16	15
	Málaga	0	0	0	1053	575	48	56	80
	Sevilla	0	0	0	830	383	37	26	13
26/03/2020	Andalucía	0	0	0	3793	1843	148	144	92
	Almería	0	0	0	142	65	8	8	6
	Cádiz	0	0	0	348	117	7	6	6
	Córdoba	0	0	0	359	168	13	8	1
	Granada	0	0	0	711	336	38	34	1
	Huelva	0	0	0	105	60	4	2	2
	Jaén	0	0	0	414	228	7	15	7
	Málaga	0	0	0	1006	540	40	46	61
	Sevilla	0	0	0	708	329	31	25	8
25/03/2020	Andalucía	0	0	0	3406	1626	0	134	77
	Almería	0	0	0	134	62	0	7	5
	Cádiz	0	0	0	299	92	0	5	4
	Córdoba	0	0	0	349	161	0	7	0
	Granada	0	0	0	648	287	0	32	1
	Huelva	0	0	0	95	52	0	2	2
	Jaén	0	0	0	349	189	0	15	5
	Málaga	0	0	0	905	490	0	42	52
	Sevilla	0	0	0	627	293	0	24	8
24/03/2020	Andalucía	0	0	0	3010	1433	0	113	71
	Almería	0	0	0	115	50	0	5	5
	Cádiz	0	0	0	278	84	0	4	4
	Córdoba	0	0	0	291	135	0	6	0
	Granada	0	0	0	579	263	0	25	1
	Huelva	0	0	0	77	42	0	1	2
	Jaén	0	0	0	316	167	0	14	5
	Málaga	0	0	0	819	431	0	40	48
	Sevilla	0	0	0	535	261	0	18	6
23/03/2020	Andalucía	0	0	0	2471	1132	0	87	66
	Almería	0	0	0	91	39	0	5	3
	Cádiz	0	0	0	245	73	0	3	4
	Córdoba	0	0	0	234	100	0	6	0
	Granada	0	0	0	480	215	0	21	1
	Huelva	0	0	0	70	38	0	1	2
	Jaén	0	0	0	259	134	0	12	5
	Málaga	0	0	0	665	333	0	26	46
	Sevilla	0	0	0	427	200	0	13	5
22/03/2020	Andalucía	0	0	0	1961	744	0	58	50
	Almería	0	0	0	74	23	0	2	2
	Cádiz	0	0	0	178	50	0	3	4
	Córdoba	0	0	0	191	50	0	4	0
	Granada	0	0	0	374	169	0	17	0
	Huelva	0	0	0	58	29	0	1	0
	Jaén	0	0	0	215	79	0	5	5
	Málaga	0	0	0	520	192	0	21	34
	Sevilla	0	0	0	351	152	0	5	5
21/03/2020	Andalucía	0	0	0	1725	616	0	47	0
	Almería	0	0	0	58	17	0	1	0
	Cádiz	0	0	0	134	34	0	2	0
	Córdoba	0	0	0	180	39	0	3	0
	Granada	0	0	0	335	145	0	13	0
	Huelva	0	0	0	47	24	0	0	0
	Jaén	0	0	0	171	62	0	3	0
	Málaga	0	0	0	505	169	0	21	0
	Sevilla	0	0	0	295	126	0	4	0
20/03/2020	Andalucía	0	0	0	1515	503	0	40	0
	Almería	0	0	0	53	13	0	0	0
	Cádiz	0	0	0	126	27	0	0	0
	Córdoba	0	0	0	143	34	0	3	0
	Granada	0	0	0	289	100	0	13	0
	Huelva	0	0	0	37	16	0	0	0
	Jaén	0	0	0	138	63	0	2	0
	Málaga	0	0	0	484	161	0	20	0
	Sevilla	0	0	0	245	89	0	2	0
19/03/2020	Andalucía	0	0	0	1287	367	0	30	0
	Almería	0	0	0	46	9	0	0	0
	Cádiz	0	0	0	103	19	0	0	0
	Córdoba	0	0	0	125	25	0	0	0
	Granada	0	0	0	244	87	0	10	0
	Huelva	0	0	0	36	13	0	0	0
	Jaén	0	0	0	119	41	0	2	0
	Málaga	0	0	0	424	109	0	17	0
	Sevilla	0	0	0	190	64	0	1	0
18/03/2020	Andalucía	0	0	0	1008	307	0	23	0
	Almería	0	0	0	37	7	0	0	0
	Cádiz	0	0	0	84	15	0	0	0
	Córdoba	0	0	0	101	26	0	0	0
	Granada	0	0	0	176	66	0	7	0
	Huelva	0	0	0	23	15	0	0	0
	Jaén	0	0	0	88	32	0	2	0
	Málaga	0	0	0	361	93	0	13	0
	Sevilla	0	0	0	138	53	0	1	0
17/03/2020	Andalucía	0	0	0	859	223	0	19	0
	Almería	0	0	0	30	3	0	0	0
	Cádiz	0	0	0	74	3	0	0	0
	Córdoba	0	0	0	78	19	0	0	0
	Granada	0	0	0	130	29	0	6	0
	Huelva	0	0	0	14	4	0	0	0
	Jaén	0	0	0	77	10	0	2	0
	Málaga	0	0	0	333	113	0	10	0
	Sevilla	0	0	0	123	42	0	1	0
16/03/2020	Andalucía	0	0	0	683	200	0	11	0
	Almería	0	0	0	26	3	0	0	0
	Cádiz	0	0	0	56	3	0	0	0
	Córdoba	0	0	0	68	18	0	0	0
	Granada	0	0	0	95	36	0	2	0
	Huelva	0	0	0	8	1	0	0	0
	Jaén	0	0	0	52	8	0	2	0
	Málaga	0	0	0	278	97	0	6	0
	Sevilla	0	0	0	100	34	0	1	0
15/03/2020	Andalucía	0	0	0	554	160	0	7	0
	Almería	0	0	0	23	1	0	0	0
	Cádiz	0	0	0	48	3	0	0	0
	Córdoba	0	0	0	41	7	0	0	0
	Granada	0	0	0	67	28	0	0	0
	Huelva	0	0	0	6	5	0	0	0
	Jaén	0	0	0	50	10	0	2	0
	Málaga	0	0	0	235	85	0	5	0
	Sevilla	0	0	0	84	21	0	0	0
14/03/2020	Andalucía	0	0	0	437	134	0	6	0
	Almería	0	0	0	14	1	0	0	0
	Cádiz	0	0	0	34	8	0	0	0
	Córdoba	0	0	0	37	6	0	0	0
	Granada	0	0	0	57	20	0	0	0
	Huelva	0	0	0	6	0	0	0	0
	Jaén	0	0	0	47	3	0	2	0
	Málaga	0	0	0	180	81	0	4	0
	Sevilla	0	0	0	62	15	0	0	0
13/03/2020	Andalucía	0	0	0	269	75	0	2	0
	Almería	0	0	0	13	0	0	0	0
	Cádiz	0	0	0	21	2	0	0	0
	Córdoba	0	0	0	18	3	0	0	0
	Granada	0	0	0	22	6	0	0	0
	Huelva	0	0	0	4	0	0	0	0
	Jaén	0	0	0	34	10	0	0	0
	Málaga	0	0	0	128	46	0	2	0
	Sevilla	0	0	0	29	8	0	0	0
12/03/2020	Andalucía	0	0	0	158	0	0	0	0
	Almería	0	0	0	4	0	0	0	0
	Cádiz	0	0	0	11	0	0	0	0
	Córdoba	0	0	0	3	0	0	0	0
	Granada	0	0	0	13	0	0	0	0
	Huelva	0	0	0	2	0	0	0	0
	Jaén	0	0	0	17	0	0	0	0
	Málaga	0	0	0	97	0	0	0	0
	Sevilla	0	0	0	11	0	0	0	0
11/03/2020	Andalucía	0	0	0	95	0	0	0	0
	Almería	0	0	0	3	0	0	0	0
	Cádiz	0	0	0	6	0	0	0	0
	Córdoba	0	0	0	2	0	0	0	0
	Granada	0	0	0	0	0	0	0	0
	Huelva	0	0	0	1	0	0	0	0
	Jaén	0	0	0	10	0	0	0	0
	Málaga	0	0	0	67	0	0	0	0
	Sevilla	0	0	0	6	0	0	0	0
10/03/2020	Andalucía	0	0	0	82	0	0	0	0
	Almería	0	0	0	3	0	0	0	0
	Cádiz	0	0	0	2	0	0	0	0
	Córdoba	0	0	0	1	0	0	0	0
	Granada	0	0	0	0	0	0	0	0
	Huelva	0	0	0	1	0	0	0	0
	Jaén	0	0	0	10	0	0	0	0
	Málaga	0	0	0	59	0	0	0	0
	Sevilla	0	0	0	6	0	0	0	0
09/03/2020	Andalucía	0	0	0	59	0	0	0	0
	Almería	0	0	0	2	0	0	0	0
	Cádiz	0	0	0	2	0	0	0	0
	Córdoba	0	0	0	0	0	0	0	0
	Granada	0	0	0	0	0	0	0	0
	Huelva	0	0	0	1	0	0	0	0
	Jaén	0	0	0	7	0	0	0	0
	Málaga	0	0	0	42	0	0	0	0
	Sevilla	0	0	0	5	0	0	0	0
08/03/2020	Andalucía	0	0	0	41	0	0	0	0
	Almería	0	0	0	1	0	0	0	0
	Cádiz	0	0	0	2	0	0	0	0
	Córdoba	0	0	0	0	0	0	0	0
	Granada	0	0	0	0	0	0	0	0
	Huelva	0	0	0	0	0	0	0	0
	Jaén	0	0	0	6	0	0	0	0
	Málaga	0	0	0	27	0	0	0	0
	Sevilla	0	0	0	5	0	0	0	0
07/03/2020	Andalucía	0	0	0	34	0	0	0	0
	Almería	0	0	0	1	0	0	0	0
	Cádiz	0	0	0	1	0	0	0	0
	Córdoba	0	0	0	0	0	0	0	0
	Granada	0	0	0	0	0	0	0	0
	Huelva	0	0	0	0	0	0	0	0
	Jaén	0	0	0	5	0	0	0	0
	Málaga	0	0	0	22	0	0	0	0
	Sevilla	0	0	0	5	0	0	0	0
06/03/2020	Andalucía	0	0	0	26	0	0	0	0
	Almería	0	0	0	1	0	0	0	0
	Cádiz	0	0	0	0	0	0	0	0
	Córdoba	0	0	0	0	0	0	0	0
	Granada	0	0	0	0	0	0	0	0
	Huelva	0	0	0	0	0	0	0	0
	Jaén	0	0	0	3	0	0	0	0
	Málaga	0	0	0	18	0	0	0	0
	Sevilla	0	0	0	4	0	0	0	0
05/03/2020	Andalucía	0	0	0	15	0	0	0	0
	Almería	0	0	0	1	0	0	0	0
	Cádiz	0	0	0	0	0	0	0	0
	Córdoba	0	0	0	0	0	0	0	0
	Granada	0	0	0	0	0	0	0	0
	Huelva	0	0	0	0	0	0	0	0
	Jaén	0	0	0	1	0	0	0	0
	Málaga	0	0	0	9	0	0	0	0
	Sevilla	0	0	0	4	0	0	0	0
04/03/2020	Andalucía	0	0	0	11	0	0	0	0
	Almería	0	0	0	1	0	0	0	0
	Cádiz	0	0	0	0	0	0	0	0
	Córdoba	0	0	0	0	0	0	0	0
	Granada	0	0	0	0	0	0	0	0
	Huelva	0	0	0	0	0	0	0	0
	Jaén	0	0	0	1	0	0	0	0
	Málaga	0	0	0	7	0	0	0	0
	Sevilla	0	0	0	2	0	0	0	0
03/03/2020	Andalucía	0	0	0	11	0	0	0	0
	Almería	0	0	0	1	0	0	0	0
	Cádiz	0	0	0	0	0	0	0	0
	Córdoba	0	0	0	0	0	0	0	0
	Granada	0	0	0	0	0	0	0	0
	Huelva	0	0	0	0	0	0	0	0
	Jaén	0	0	0	1	0	0	0	0
	Málaga	0	0	0	7	0	0	0	0
	Sevilla	0	0	0	2	0	0	0	0
02/03/2020	Andalucía	0	0	0	10	0	0	0	0
	Almería	0	0	0	1	0	0	0	0
	Cádiz	0	0	0	0	0	0	0	0
	Córdoba	0	0	0	0	0	0	0	0
	Granada	0	0	0	0	0	0	0	0
	Huelva	0	0	0	0	0	0	0	0
	Jaén	0	0	0	1	0	0	0	0
	Málaga	0	0	0	6	0	0	0	0
	Sevilla	0	0	0	2	0	0	0	0
01/03/2020	Andalucía	0	0	0	10	0	0	0	0
	Almería	0	0	0	1	0	0	0	0
	Cádiz	0	0	0	0	0	0	0	0
	Córdoba	0	0	0	0	0	0	0	0
	Granada	0	0	0	0	0	0	0	0
	Huelva	0	0	0	0	0	0	0	0
	Jaén	0	0	0	1	0	0	0	0
	Málaga	0	0	0	6	0	0	0	0
	Sevilla	0	0	0	2	0	0	0	0
29/02/2020	Andalucía	0	0	0	10	0	0	0	0
	Almería	0	0	0	1	0	0	0	0
	Cádiz	0	0	0	0	0	0	0	0
	Córdoba	0	0	0	0	0	0	0	0
	Granada	0	0	0	0	0	0	0	0
	Huelva	0	0	0	0	0	0	0	0
	Jaén	0	0	0	1	0	0	0	0
	Málaga	0	0	0	6	0	0	0	0
	Sevilla	0	0	0	2	0	0	0	0
28/02/2020	Andalucía	0	0	0	8	0	0	0	0
	Almería	0	0	0	1	0	0	0	0
	Cádiz	0	0	0	0	0	0	0	0
	Córdoba	0	0	0	0	0	0	0	0
	Granada	0	0	0	0	0	0	0	0
	Huelva	0	0	0	0	0	0	0	0
	Jaén	0	0	0	1	0	0	0	0
	Málaga	0	0	0	4	0	0	0	0
	Sevilla	0	0	0	2	0	0	0	0
27/02/2020	Andalucía	0	0	0	6	0	0	0	0
	Almería	0	0	0	1	0	0	0	0
	Cádiz	0	0	0	0	0	0	0	0
	Córdoba	0	0	0	0	0	0	0	0
	Granada	0	0	0	0	0	0	0	0
	Huelva	0	0	0	0	0	0	0	0
	Jaén	0	0	0	0	0	0	0	0
	Málaga	0	0	0	4	0	0	0	0
	Sevilla	0	0	0	1	0	0	0	0
26/02/2020	Andalucía	0	0	0	1	0	0	0	0
	Almería	0	0	0	0	0	0	0	0
	Cádiz	0	0	0	0	0	0	0	0
	Córdoba	0	0	0	0	0	0	0	0
	Granada	0	0	0	0	0	0	0	0
	Huelva	0	0	0	0	0	0	0	0
	Jaén	0	0	0	0	0	0	0	0
	Málaga	0	0	0	0	0	0	0	0
	Sevilla	0	0	0	1	0	0	0	0
